1 401 115 3
2 391 105 5
3 371 1 8
4 109 15 10
5 363 33 12
6 338 51 13
7 345 87 14
8 362 51 15
9 400 95 17
10 362 77 18
11 140 14 19
12 370 123 21
13 408 123 23
14 354 78 24
15 352 10 25
16 382 115 26
17 382 91 30
18 173 28 31
19 182 49 32
20 133 42 33
21 309 20 34
22 152 57 35
23 386 16 36
24 388 51 37
25 353 97 39
26 323 77 40
27 347 116 41
28 396 124 42
29 337 44 43
30 355 51 44
31 348 43 45
32 160 52 50
33 206 237 51
34 105 35 53
35 165 138 54
36 120 102 97
37 345 99 56
38 198 38 60
39 165 167 66
40 14 134 98
41 209 162 70
42 186 157 72
43 150 124 73
44 150 214 81
45 168 244 84
46 38 227 85
47 79 211 87
48 8 178 88
49 5 226 89
50 137 96 92
51 140 14 93
52 154 74 94
53 189 16 95
54 117 200 96