-0
-0
-0
-0
-0
-0
-0
-0
0.503258
0.721928
0.684038
0.650022
0.619382
0.749595
0.836641
0.896038
0.936667
0.964079
0.981941
0.992774
0.998364
1
0.998636
1.20691
1.32092
1.39936
1.45588
1.49725
1.52753
1.5494
1.56474
1.57492
1.58098
1.58373
1.58377
1.58162
1.57766
1.71171
1.78857
1.84365
1.88496
1.91646
1.94054
1.9588
1.97238
1.98214
1.98873
1.99267
1.99439
1.99422
-0
-0
-0
-0
-0
-0
-0
-0
0.503258
0.721928
0.684038
0.650022
0.619382
0.749595
0.836641
0.896038
0.936667
0.964079
0.981941
0.992774
0.998364
1
0.998636
1.20691
1.32092
1.39936
1.45588
1.49725
1.52753
1.5494
1.56474
1.57492
1.58098
1.58373
1.58377
1.58162
1.57766
1.71171
1.78857
1.84365
1.88496
1.91646
1.94054
1.9588
1.97238
1.98214
1.98873
1.99267
1.99439
1.99422
