-0
1
1.58496
1.5
1.37095
1.45915
1.37878
1.29879
1.22439
1.15678
1.0958
1.04085
0.991264
0.946373
0.905587
0.868393
0.834347
0.803072
0.774243
0.747585
0.722858
0.699858
0.678407
0.658351
0.639556
0.621904
0.605291
0.589626
0.574828
0.560825
0.547553
0.534955
0.714653
0.826244
0.911102
0.978774
1.03402
1.07974
1.11789
1.14989
1.1768
1.19944
1.21847
1.20351
1.18888
1.17457
1.16057
1.14689
1.13351
1.15297
1.14033
1.15769
1.17282
1.18599
1.19741
1.20728
1.21577
1.22302
1.22915
1.23429
1.23853
1.24195
1.24464
1.34131
1.40458
1.45483
1.49659
1.49608
1.49506
1.53016
1.56047
1.58687
1.60998
1.63029
1.64818
1.66395
1.67785
1.7553
1.8057
1.8165
1.82588
1.83399
1.84096
1.84689
1.88503
1.88973
1.92125
1.92489
1.92779
1.95433
1.97728
1.99727
2.01478
2.03016
2.04368
2.10594
2.11722
2.12709
2.13569
2.14315
2.14959
2.15114
2.15214
2.15778
2.1626
2.16665
2.20413
2.20723
2.2097
2.21159
2.21294
2.2138
2.2142
2.24315
2.26744
2.28828
2.30639
2.32225
2.3362
2.34852
2.3481
2.34732
2.34619
2.34475
2.34301
2.35397
2.36371
2.37237
2.38004
2.38682
2.3928
2.39805
2.40262
2.40656
2.40994
2.4549
2.48469
2.50865
2.52881
2.54615
2.56127
2.57454
2.58625
2.62806
2.65558
2.67761
2.68734
2.69592
2.71415
2.72161
2.72815
2.73389
2.73888
2.75418
2.76747
2.7791
2.78933
2.79833
2.80628
2.81327
2.81942
2.82481
2.8295
2.83356
2.83704
2.87304
2.87581
2.87809
2.87992
2.88133
2.88236
2.88302
2.88334
2.88334
2.88305
2.90587
2.9242
2.93962
2.95288
2.96442
2.97455
2.98347
3.0161
3.03754
3.05472
3.06912
3.08145
3.09216
3.10151
3.10971
3.11692
3.12326
3.12882
3.13369
3.13793
3.145
3.14865
3.15486
3.16032
3.16511
3.16928
3.1729
3.17601
3.17865
3.18086
3.18267
3.18411
3.1852
3.18597
3.18644
3.18663
3.18984
3.1926
3.19494
3.1969
3.22466
3.22616
3.22732
3.22817
3.24632
3.26092
3.26139
3.26159
3.27382
3.28435
3.29354
3.3016
3.30872
3.31501
3.32057
3.32549
3.32983
3.33364
3.33697
3.33986
3.34234
3.34445
3.3462
3.34764
3.34877
3.34961
3.35019
3.35052
3.35061
3.35048
3.35014
3.37459
3.3908
3.40387
3.40319
3.40233
3.4013
3.4001
3.41105
3.40968
3.40816
-0
1
0.918296
0.811278
0.721928
0.650022
0.591673
0.543564
0.986427
1.15678
1.0958
1.04085
1.14012
1.19812
1.23096
1.24756
1.2533
1.25163
1.24484
1.2345
1.22169
1.20721
1.1916
1.17528
1.15855
1.14162
1.12466
1.13928
1.14968
1.15668
1.16089
1.16282
1.16287
1.16138
1.15618
1.15019
1.14355
1.28902
1.37672
1.44209
1.43088
1.48187
1.52282
1.55606
1.58318
1.60533
1.62336
1.63792
1.64956
1.65869
1.66567
1.67079
1.6743
1.67639
1.67726
1.67705
1.67588
1.67389
1.67116
1.66779
1.66492
1.66146
1.65749
1.65306
1.64823
1.64304
1.63753
1.63174
1.62571
1.71051
1.70344
1.69621
1.68883
1.68133
1.67372
1.66602
1.65825
1.65042
1.64254
1.69395
1.735
1.76928
1.79856
1.82389
1.84598
1.86536
1.8824
1.89741
1.91066
1.92232
1.93259
1.94159
1.94946
1.95631
1.96222
1.96729
1.97157
1.97515
1.97808
1.9804
1.98217
1.98343
2.04303
2.08239
2.11394
2.1404
2.16308
2.18279
2.20003
2.2152
2.22859
2.24042
2.25088
2.25054
2.2598
2.25911
2.25806
2.26632
2.27362
2.28003
2.28564
2.33549
2.36837
2.37269
2.37635
2.37942
2.38192
2.40771
2.42938
2.448
2.4642
2.47841
2.49093
2.502
2.51179
2.52046
2.52203
2.52315
2.53083
2.53156
2.5319
2.53873
2.54475
2.55005
2.55467
2.55869
2.55883
2.55865
2.56219
2.5652
2.56774
2.56983
2.57151
2.5728
2.57373
2.57433
2.5746
2.61364
2.63966
2.63934
2.63876
2.63792
2.63684
2.63553
2.63401
2.63229
2.63038
2.62829
2.62603
2.62362
2.62105
2.61834
2.6155
2.61253
2.63266
2.64982
2.66478
2.67798
2.68972
2.70024
2.69703
2.69372
2.70318
2.7372
2.76008
2.7787
2.78681
2.79411
2.80068
2.80658
2.81189
2.81663
2.82087
2.82464
2.82797
2.8309
2.83345
2.83565
2.83751
2.83907
2.84033
2.84132
2.84205
2.84253
2.84279
2.84282
2.84265
2.84229
2.84173
2.841
2.84011
2.83905
2.83784
2.83649
2.835
2.83338
2.83163
2.82976
2.82779
2.8257
2.82351
2.82122
2.81884
2.83305
2.84554
2.85666
2.86665
2.87568
2.88386
2.88133
2.87873
2.87604
2.87327
2.87135
2.86934
2.87053
2.87152
2.87253
2.87136
2.87361
2.87561
2.87737
2.88149
2.88525
2.88678
2.8881
2.88922
2.89015
2.89089
2.89145
2.89185
2.89083
2.8897
2.88847
2.88878
2.88748
-0
-0
-0
0.811278
0.970951
1
0.985228
0.954434
0.918296
0.881291
0.845351
0.811278
0.77935
0.749595
0.721928
1.0141
1.15955
1.25163
1.31243
1.35272
1.37878
1.39462
1.40293
1.40564
1.40411
1.39936
1.39215
1.38306
1.37255
1.36096
1.34857
1.33558
1.32218
1.30849
1.45828
1.54534
1.60837
1.65622
1.69323
1.72206
1.74447
1.76172
1.77477
1.78433
1.89842
1.96477
2.0129
2.04946
2.07769
2.09957
2.11643
2.1292
2.13861
2.14519
2.14939
2.24025
2.29327
2.3319
2.36132
2.3841
2.40176
2.41533
2.42556
2.43301
2.4381
2.44118
2.44254
2.44241
2.44097
2.43841
2.43484
2.43041
2.42521
2.41934
2.41286
2.40586
2.3984
2.46661
2.50801
2.53917
2.56373
2.58346
2.59943
2.61235
2.62274
2.63098
2.63737
2.6971
2.73321
2.7603
2.78159
2.79862
2.81233
2.82335
2.83212
2.83898
2.8442
2.84799
2.85052
2.85195
2.90385
2.93526
2.95887
2.97745
2.99234
3.00433
3.01397
3.02164
3.02763
3.03218
3.07901
3.10727
3.12846
3.14508
3.15836
3.16902
3.17753
3.18425
3.18945
3.19331
3.19602
3.23841
3.26395
3.28308
3.29808
3.31003
3.3196
3.32723
3.33321
3.33781
3.34119
3.34351
3.34488
3.38338
3.40657
3.42395
3.43757
3.44843
3.45712
3.46404
3.46946
3.4736
3.50943
3.53095
3.54703
3.5596
3.56959
3.57755
3.58384
3.61773
3.63798
3.65307
3.66481
3.69754
3.717
3.73144
3.74262
3.75142
3.75833
3.76371
3.76779
3.77076
3.77276
3.77391
3.7743
3.80466
3.82273
3.83614
3.84654
3.85473
3.88397
3.9013
3.91412
3.94267
3.95951
3.97191
3.98146
3.98889
3.99467
3.99908
4.02637
4.04241
4.0542
4.06324
4.07025
4.07567
4.10192
4.11731
4.12857
4.13718
4.14382
4.14893
4.15276
4.15553
4.15739
4.15844
4.18333
4.1979
4.20857
4.23294
4.24715
4.25753
4.26542
4.27148
4.29512
4.30886
4.31886
4.32643
4.33223
4.33661
4.33985
4.3421
4.36479
4.37795
4.40032
4.41325
4.42262
4.42968
4.43505
4.4568
4.46934
4.47839
4.48519
4.50645
4.51866
4.52745
4.53403
4.53898
4.54264
4.54525
4.5658
4.57757
4.58604
4.59236
4.5971
4.61712
4.62856
4.63676
4.64286
4.66246
4.67362
4.6816
4.68751
4.69191
4.69511
4.69733
4.71632
4.72712
4.73482
4.74052
4.74475
4.74782
4.74992
4.75122
4.76959
4.78002
-0
-0
-0
-0
0.721928
0.918296
0.985228
1
0.991076
0.970951
0.94566
1.28067
1.41956
1.37878
1.33827
1.41974
1.46809
1.49554
1.50903
1.51289
1.50997
1.50222
1.49101
1.67877
1.77391
1.83492
1.87531
1.9017
1.91804
1.92689
1.93005
2.07036
2.14292
2.1903
2.22218
2.24331
2.25652
2.26371
2.26621
2.26498
2.26077
2.36927
2.42701
2.46573
2.49257
2.51101
2.52315
2.53039
2.53373
2.53391
2.62346
2.67165
2.7043
2.72716
2.74305
2.8233
2.8661
2.89485
2.91473
2.92828
2.93702
2.94197
2.94384
2.94318
3.01258
3.04991
3.07518
3.09281
3.10496
3.11291
3.11753
3.11942
3.18111
3.21437
3.23694
3.25271
3.26359
3.27071
3.27482
3.33083
3.36099
3.38142
3.39567
3.40544
3.41177
3.41534
3.41665
3.41606
3.41386
3.464
3.49123
3.50985
3.52296
3.53207
3.5381
3.54165
3.54314
3.54291
3.54121
3.53825
3.53419
3.52916
3.5233
3.51669
3.50942
3.50156
3.49319
3.48435
3.52766
3.55211
3.56944
3.5822
3.59162
3.59844
3.60315
3.60611
3.60757
3.60775
3.64745
3.66992
3.68587
3.69765
3.70636
3.71269
3.71708
3.71984
3.72123
3.72144
3.75808
3.77886
3.79364
3.80457
3.81268
3.81858
3.82269
3.82529
3.82661
3.82682
3.82606
3.82446
3.82209
3.81905
3.8154
3.8112
3.80651
3.80137
3.79582
3.78989
3.82256
3.84152
3.85529
3.86573
3.8737
3.87974
3.88421
3.88736
3.88937
3.8904
3.89057
3.921
3.93869
3.95156
3.96131
3.96878
3.968
3.97369
3.97792
3.98092
3.98287
4.01149
4.02812
4.04023
4.04941
4.05643
4.06176
4.06571
4.06849
4.07027
4.09738
4.09817
4.0982
4.09756
4.11317
4.11188
4.12325
4.1319
4.13856
4.14364
4.14742
4.15012
4.15189
4.15283
4.15306
4.15265
4.15166
4.15016
4.14818
4.14577
4.14298
4.13982
4.13633
4.13253
4.12845
4.12411
4.14847
4.16292
4.17362
4.1819
4.18838
4.19345
4.19736
4.20029
4.20238
4.20373
4.20442
4.20453
4.20412
4.20323
4.20191
4.20019
4.22294
4.2365
4.23434
4.24442
4.25225
4.25844
4.26332
4.26712
4.27002
4.27213
4.27355
4.27437
4.29596
4.30884
4.31842
4.32587
4.33175
4.33638
4.33999
4.34273
4.34473
4.34607
4.36672
4.37903
4.37969
4.37984
4.37953
4.37879
4.37767
4.38676
4.39385
4.39237
4.39057
4.39619
4.40065
4.40416
-0
-0
-0
-0
-0
-0
-0
-0
0.503258
0.468996
0.684038
0.811278
0.890492
0.940286
0.970951
0.988699
0.997503
1
0.998001
0.992774
0.985228
0.976021
0.965636
0.954434
0.942683
0.930586
0.918296
0.905928
0.893571
0.881291
0.869138
0.857148
0.845351
0.833765
0.822404
0.811278
0.800392
0.789749
0.77935
0.769193
0.759276
0.749595
0.740147
0.730926
0.764205
0.793591
0.8196
0.842658
0.863121
0.987299
1.06796
1.13154
1.184
1.22827
1.26613
1.29879
1.32714
1.42991
1.49573
1.54718
1.5893
1.60973
1.64447
1.67395
1.69916
1.7208
1.73942
1.75546
1.76924
1.78104
1.79111
1.79964
1.8068
1.81273
1.81756
1.8214
1.82435
1.82648
1.82788
1.82862
1.82875
1.82833
1.82741
1.82602
1.82422
1.82204
1.81951
1.81666
1.81352
1.81011
1.80645
1.80257
1.79849
1.79422
1.78978
1.78519
1.78045
1.77558
1.7706
1.76551
1.76032
1.75505
1.7497
1.81111
1.85243
1.88598
1.87982
1.87361
1.90192
1.92652
1.94818
1.96741
1.98458
1.99998
2.01382
2.02629
2.03752
2.04765
2.05679
2.06501
2.07239
2.07902
2.08494
2.09022
2.09489
2.09901
2.10262
2.10574
2.10842
2.11068
2.11255
2.11405
2.16201
2.19441
2.22082
2.24331
2.26289
2.28016
2.29551
2.30925
2.32158
2.33268
2.34268
2.3517
2.35984
2.36717
2.37377
2.41615
2.44462
2.46773
2.48736
2.50439
2.51936
2.53263
2.54446
2.55503
2.59438
2.62063
2.64186
2.65982
2.67534
2.68894
2.70094
2.71159
2.72107
2.75777
2.78211
2.80171
2.81824
2.83247
2.84489
2.85581
2.86546
2.90003
2.92283
2.94113
2.95649
2.96969
2.98115
2.9912
3.00003
3.00782
3.01468
3.02073
3.02605
3.0307
3.03476
3.03826
3.04125
3.04378
3.04588
3.07702
3.09751
3.11393
3.12771
3.13953
3.14979
3.15877
3.16665
3.17358
3.17968
3.18505
3.18974
3.19384
3.19739
3.20044
3.20303
3.20519
3.20696
3.20836
3.20942
3.21016
3.21061
3.21078
3.21068
3.21034
3.23795
3.25616
3.27078
3.28308
3.29364
3.30283
3.31088
3.31797
3.32422
3.32973
3.33459
3.33885
3.34258
3.34582
3.34861
3.35099
3.37654
3.39335
3.40683
3.41814
3.42785
3.43628
3.44366
3.45013
3.45583
3.46084
3.46524
3.46909
3.47244
3.49647
3.51222
3.51498
3.52755
3.53808
3.5471
3.55492
3.56174
3.56772
3.57296
3.57756
-0
-0
-0
-0
-0
-0
-0
-0
-0
-0
-0
-0
-0
-0
-0
-0
0.322757
0.503258
0.629249
0.721928
0.702467
0.773227
0.828056
0.870864
0.904381
0.930586
0.950956
0.966619
0.978449
0.987138
0.993234
0.99718
0.999338
1
0.999411
1.15477
1.24876
1.31897
1.37398
1.41805
1.45376
1.48286
1.60773
1.68223
1.73737
1.78015
1.81402
1.84107
1.8627
1.87992
1.89348
1.90397
1.91187
1.91754
1.92131
1.92343
1.92411
1.92355
1.9219
1.9193
1.91586
1.91169
1.99894
2.05257
2.09328
2.12567
2.15198
2.17356
2.19132
2.20592
2.21785
2.2275
2.3014
2.34655
2.38069
2.40773
2.42959
2.44739
2.46193
2.47374
2.48326
2.49079
2.49662
2.50096
2.50397
2.50583
2.50664
2.50654
2.5056
2.50393
2.56369
2.56089
2.55751
2.55359
2.5492
2.54437
2.53915
2.53357
2.56924
2.59679
2.61909
2.63751
2.6529
2.6658
2.67661
2.68565
2.69314
2.69929
2.70423
2.70811
2.75787
2.78899
2.81299
2.83239
2.84839
2.86172
2.87286
2.88216
2.88989
2.89626
2.90142
2.94622
2.97413
2.9956
3.0129
3.02712
3.03892
3.04873
3.05688
3.0636
3.06907
3.07345
3.07686
3.0794
3.08116
3.08221
3.12202
3.14683
3.16593
3.18133
3.19399
3.20451
3.21326
3.22052
3.22651
3.23138
3.23527
3.23828
3.24051
3.24204
3.24293
3.24323
3.243
3.24229
3.24113
3.23955
3.2376
3.23529
3.23266
3.22972
3.2265
3.22303
3.2193
3.21536
3.2112
3.24495
3.26637
3.28309
3.29676
3.30818
3.31782
3.32599
3.33292
3.33878
3.3437
3.34779
3.35114
3.35382
3.35589
3.35741
3.35843
3.38914
3.40862
3.42383
3.42415
3.42406
3.43644
3.4468
3.45555
3.46298
3.46929
3.47463
3.47912
3.48286
3.48593
3.51433
3.51667
3.53461
3.53634
3.53757
3.53834
3.5387
3.55255
3.56389
3.57338
3.5814
3.58821
3.59399
3.59889
3.60301
3.60643
3.60924
3.61149
3.61322
3.6145
3.61535
3.6158
3.61589
3.61565
3.61509
3.61424
3.61312
3.61174
3.61012
3.60828
3.60623
3.60398
3.60154
3.59893
3.59615
3.59322
3.59013
3.58691
3.58355
3.58007
3.57646
3.57275
3.56893
3.565
3.56098
3.55687
3.55267
3.54839
3.54403
3.5396
3.5351
3.53053
3.52589
3.5212
3.51645
3.51164
3.50679
3.50188
3.49693
3.49194
3.4869
-0
1
0.918296
0.811278
0.721928
0.650022
0.863121
0.954434
0.991076
1
0.99403
0.979869
0.961237
0.940286
0.918296
0.896038
0.873981
0.852405
0.831474
0.811278
0.791858
0.845351
0.828056
0.811278
0.79504
0.77935
0.764205
0.749595
0.735509
0.921834
1.03317
1.11542
1.17919
1.22978
1.27038
1.30317
1.32968
1.35106
1.3682
1.38179
1.3924
1.37878
1.3652
1.37507
1.38276
1.5038
1.5778
1.63363
1.67779
1.71348
1.74264
1.76658
1.78624
1.80232
1.81539
1.82587
1.83414
1.84048
1.84515
1.84835
1.85026
1.85404
1.85511
1.85518
1.85437
1.85276
1.85044
1.84751
1.84401
1.84002
1.83558
1.83074
1.82556
1.82006
1.81427
1.80824
1.80199
1.79554
1.87075
1.91931
1.95757
1.98914
1.98137
2.00798
2.03075
2.05038
2.06737
2.08211
2.0949
2.08738
2.07973
2.07197
2.08345
2.07573
2.08587
2.0947
2.10236
2.10897
2.11462
2.11939
2.12338
2.12664
2.12924
2.13123
2.13266
2.13357
2.13401
2.19009
2.22691
2.25633
2.28092
2.30193
2.32011
2.33596
2.34985
2.36205
2.37278
2.3822
2.38129
2.3896
2.39687
2.40321
2.4087
2.41342
2.41744
2.42082
2.4236
2.42583
2.42755
2.4288
2.47493
2.50528
2.52958
2.54995
2.56739
2.58251
2.59574
2.60734
2.61756
2.62655
2.63447
2.64142
2.6475
2.6528
2.65738
2.66131
2.66464
2.66741
2.66968
2.67147
2.67283
2.67378
2.67435
2.71351
2.73932
2.76002
2.77739
2.79229
2.80524
2.84246
2.86685
2.88633
2.90262
2.91655
2.9286
2.9391
2.94829
2.95634
2.9634
2.96958
2.97496
2.97963
2.98366
2.98709
2.98998
2.99238
2.99431
2.99581
2.99692
2.99767
2.99806
2.99814
2.99792
2.99741
2.99664
2.99563
2.99438
2.99291
2.99123
2.98936
2.9873
2.98507
3.0164
3.03713
3.05382
3.06787
3.07997
3.09052
3.09978
3.10796
3.10534
3.11258
3.11899
3.12467
3.12968
3.1341
3.13797
3.14134
3.14426
3.14674
3.14884
3.15057
3.15195
3.15302
3.15379
3.15428
3.15451
3.15449
3.15424
3.18181
3.20012
3.21489
3.21424
3.21338
3.21234
3.21111
3.2097
3.20814
3.20642
3.20455
3.20254
3.21482
3.22546
3.23479
3.23262
3.23032
3.2279
3.22537
3.22273
3.21998
3.21714
3.2254
3.23277
3.23936
3.24527
3.25056
3.25531
3.25955
3.26334
3.26671
3.26969
3.27231
3.2746
3.27657
3.27826
3.30233
-0
-0
-0
-0
-0
-0
-0
-0
-0
-0
-0
-0
-0
-0
0.353359
0.543564
0.672295
0.764205
0.831474
0.881291
0.918296
0.94566
0.965636
0.979869
0.989588
0.995727
1.18739
1.18562
1.18191
1.28669
1.36191
1.41856
1.4621
1.49582
1.52193
1.54198
1.67956
1.7583
1.81461
1.85678
1.86645
1.89839
1.92289
1.94155
1.95551
1.96564
1.97258
1.97686
1.9789
1.97904
1.97756
1.9747
1.97065
1.96559
1.95965
1.95296
1.94563
1.93774
1.92938
1.9206
1.91149
1.90207
1.89241
1.88254
1.8725
1.86232
1.94644
1.99898
2.03937
2.0719
2.09867
2.12095
2.13958
2.15517
2.1682
2.17903
2.25073
2.25886
2.26535
2.2704
2.31365
2.34685
2.35004
2.35214
2.37857
2.37956
2.37968
2.37903
2.37767
2.37568
2.39719
2.41525
2.43048
2.44336
2.45423
2.46335
2.47095
2.47721
2.48228
2.48025
2.48437
2.48754
2.48985
2.49138
2.49221
2.49239
2.49199
2.49105
2.48963
2.48775
2.48546
2.48279
2.47976
2.47642
2.47278
2.46887
2.46471
2.46031
2.4557
2.45089
2.49969
2.53139
2.55654
2.57742
2.59514
2.61037
2.62355
2.635
2.64495
2.6536
2.6611
2.66758
2.67313
2.67786
2.68182
2.68511
2.68776
2.68984
2.69138
2.69243
2.73417
2.7613
2.78285
2.80077
2.81599
2.82908
2.84042
2.85027
2.85884
2.8663
2.87276
2.87833
2.88311
2.88716
2.89056
2.89336
2.8956
2.9326
2.95662
2.97567
2.9915
3.00494
3.01649
3.01775
3.02772
3.03638
3.0439
3.05043
3.05608
3.06094
3.06508
3.06859
3.0715
3.07388
3.07576
3.07718
3.07818
3.07879
3.07903
3.07894
3.07852
3.07781
3.07683
3.07558
3.07409
3.07237
3.07043
3.10193
3.12256
3.13905
3.15283
3.1646
3.17479
3.18367
3.19144
3.19824
3.20419
3.20939
3.21392
3.21783
3.22119
3.22404
3.22642
3.22838
3.22993
3.23111
3.23195
3.23247
3.23269
3.23564
3.23814
3.24023
3.24193
3.24327
3.24428
3.24497
3.24537
3.2455
3.24537
3.245
3.24808
3.25074
3.25017
3.2494
3.25169
3.25362
3.25521
3.25648
3.2556
3.25453
3.25328
3.25186
3.25028
3.24855
3.24969
3.25055
3.25116
3.25152
3.25165
3.25157
3.25128
3.2508
3.25013
3.24929
3.24829
3.24713
3.24581
3.24436
3.24277
3.24105
3.24695
3.24512
3.24316
3.26752
3.26539
3.28169
-0
-0
-0
-0
-0
-0
-0
-0
-0
-0
-0
-0
-0
-0
-0
-0
-0
-0
-0
-0
-0
-0
-0
-0
-0
-0
-0
-0
-0
-0
-0
-0
-0
-0
-0
-0
-0
-0
-0
-0
-0
-0
-0
-0
-0
-0
-0
-0
-0
-0
-0
-0
-0
-0
-0
-0
-0
-0
-0
-0
-0
-0
-0
-0
-0
-0
-0
-0
-0
-0
-0
-0
-0
-0
-0
-0
-0
-0
-0
-0
-0
-0
-0
-0
-0
-0
-0
-0
-0
-0
-0
-0
-0
-0
-0
-0
-0
-0
-0
-0
-0
-0
-0
-0
-0
-0
-0
-0
-0
-0
-0
-0
-0
-0
-0
-0
-0
-0
-0
-0
0.0690544
0.0685861
0.0681246
0.0676698
0.0672215
0.117595
0.11685
0.116115
0.11539
0.114676
0.178461
0.177361
0.176276
0.175206
0.174149
0.215294
0.214036
0.212794
0.211567
0.248068
0.246679
0.245308
0.243953
0.242614
0.275478
0.274008
0.272554
0.271117
0.301223
0.299676
0.298147
0.296634
0.295138
0.322852
0.321264
0.319693
0.318139
0.316602
0.35707
0.355362
0.353672
0.388669
0.386846
0.385043
0.383258
0.381491
0.412601
0.410728
0.408874
0.407039
0.405221
0.433418
0.431514
0.429628
0.427761
0.453727
0.451788
0.449866
0.447962
0.472078
0.470113
0.468167
0.466238
0.464326
0.486798
0.484835
0.482889
0.48096
0.479048
0.500103
0.498147
0.496208
0.494286
0.514155
0.512195
0.510252
0.508324
0.527141
0.525181
0.523237
0.541153
0.539181
0.537225
0.535285
0.53336
0.55038
0.548432
0.546498
0.544579
0.542675
0.558886
0.556961
0.555051
0.553155
0.551274
0.566749
0.56485
0.562964
0.561093
0.559235
0.574038
0.572165
0.570305
0.584544
0.582671
0.580811
0.578965
0.577131
0.590798
0.588953
0.58712
0.5853
0.583493
0.596632
0.594814
0.593009
0.591216
0.589434
0.602084
0.600294
0.598516
0.610747
0.608962
0.607189
0.605427
0.603676
0.63924
0.637388
0.635547
0.633718
0.66072
0.658826
0.656943
0.655072
0.653213
0.676774
-0
-0
-0
-0
-0
-0
-0
-0
-0
-0
-0
-0
-0
-0
-0
-0
-0
-0
-0
-0
-0
-0
-0
-0
-0
-0
-0
-0
-0
-0
-0
-0
-0
-0
-0
-0
-0
-0
-0
-0
-0
-0
-0
-0
-0
-0
-0
-0
-0
-0
-0
-0
-0
-0
-0
-0
-0
-0
-0
-0
-0
-0
-0
-0
-0
-0
-0
-0
-0
-0
-0
-0
-0
-0
-0
-0
-0
-0
-0
-0
-0
-0
-0
-0
-0
-0
0.0905439
0.0897034
0.0888797
0.0880723
0.0872806
0.0865042
0.0857427
0.0849956
0.0842624
0.0835429
0.0828366
0.0821431
0.081462
0.0807931
0.080136
0.0794904
0.078856
0.0782325
0.0776195
0.0770169
0.0764243
0.0758415
0.0752683
0.0747043
0.0741495
0.0736035
0.0730661
0.0725372
0.0720165
0.0715038
0.0709989
0.0705018
0.0700121
0.0695296
0.0690544
0.0685861
0.0681246
0.119116
0.163346
0.203074
0.239397
0.272971
0.304239
0.366972
0.413565
0.441743
0.481562
0.517209
0.549707
0.579671
0.607511
0.633525
0.657939
0.680931
0.736933
0.778133
0.813549
0.845139
0.865401
0.884554
0.902695
0.930634
0.956313
0.973067
0.996654
1.01863
1.0392
1.05853
1.07673
1.09391
1.11017
1.12558
1.1402
1.1541
1.16732
1.1799
1.1919
1.20334
1.2494
1.28292
1.31157
1.33701
1.36004
1.38115
1.40064
1.41876
1.43566
1.4515
1.46638
1.48039
1.49361
1.5061
1.51792
1.52912
1.53974
1.54983
1.5594
1.56851
1.57716
1.5854
1.62497
1.65353
1.67783
1.69933
1.71874
1.73648
1.75282
1.75978
1.7664
1.78139
1.7876
1.79348
1.79907
1.80437
1.81808
1.8309
1.83582
1.84048
1.8524
1.8636
1.87414
1.87843
1.88834
1.8977
1.90654
1.91491
1.92283
1.92675
1.93423
1.94132
1.94805
1.95443
1.96048
1.96622
1.97167
1.97684
1.98174
1.98638
1.99079
1.99497
1.99892
2.00266
2.00621
2.00955
2.01272
2.0157
2.01852
2.02117
2.05221
2.05458
2.07684
2.09575
2.11249
2.12759
2.14139
2.1541
2.16587
2.17684
2.18708
2.19668
2.20569
2.21416
2.22215
2.22968
2.23679
2.24351
2.24987
2.25588
2.26157
2.26695
-0
-0
-0
-0
-0
-0
-0
-0
-0
-0
-0
-0
-0
0.371232
0.56651
0.696212
0.787127
0.764205
0.831474
0.881291
0.863121
0.845351
0.828056
0.811278
0.855451
0.890492
0.918296
0.940286
0.957553
0.970951
0.981152
0.988699
0.99403
0.997503
0.999411
1
0.999473
0.998001
0.995727
0.992774
0.989245
0.985228
0.980798
0.976021
0.970951
0.965636
0.960119
0.954434
0.948613
0.942683
0.936667
0.930586
0.924457
0.918296
0.912116
0.905928
1.01745
1.09109
1.14985
1.19889
1.24074
1.27694
1.30853
1.33625
1.36069
1.38229
1.40141
1.41835
1.43337
1.44667
1.45843
1.46882
1.47795
1.48596
1.49295
1.499
1.50421
1.50864
1.51237
1.51544
1.51792
1.51985
1.52128
1.52225
1.52279
1.52293
1.59597
1.59511
1.6436
1.6828
1.71593
1.714
1.7425
1.74018
1.73761
1.73481
1.7318
1.72859
1.72521
1.74975
1.77155
1.79104
1.80853
1.82428
1.83848
1.85131
1.8629
1.87337
1.88282
1.89135
1.89903
1.90593
1.91211
