-0
-0
-0
-0
-0
-0
-0
0.543564
0.764205
0.881291
0.94566
0.979869
0.995727
1
0.996792
0.988699
1.2533
1.3821
1.46184
1.51289
1.54515
1.5285
1.55049
1.5632
1.56903
1.56967
1.56637
1.56005
1.55142
1.54101
1.52924
1.51643
1.66639
1.74999
1.80845
1.79143
1.77398
1.75624
1.73832
1.72032
1.70232
1.68439
1.66655
1.64887
1.63136
1.61406
1.65922
1.69555
1.72508
1.74918
1.76885
1.75327
1.73779
1.72244
1.70722
1.72509
1.73996
1.75227
1.76235
1.7705
1.77696
1.78192
-0
-0
-0
-0
-0
-0
-0
0.543564
0.764205
0.881291
0.94566
0.979869
0.995727
1
0.996792
0.988699
1.2533
1.3821
1.46184
1.51289
1.54515
1.5285
1.55049
1.5632
1.56903
1.56967
1.56637
1.56005
1.55142
1.54101
1.52924
1.51643
1.66639
1.74999
1.80845
1.79143
1.77398
1.75624
1.73832
1.72032
1.70232
1.68439
1.66655
1.64887
1.63136
1.61406
1.65922
1.69555
1.72508
1.74918
1.76885
1.75327
1.73779
1.72244
1.70722
1.72509
1.73996
1.75227
1.76235
1.7705
1.77696
1.78192
