-0
-0
-0
-0
-0
-0
-0
-0
0.503258
0.721928
0.845351
0.918296
0.961237
0.985228
0.996792
1
0.997503
0.991076
0.981941
0.970951
0.958712
0.94566
0.932112
0.918296
0.904381
0.890492
0.876716
0.863121
0.849751
0.836641
0.823812
0.811278
0.799049
0.787127
0.775513
0.764205
0.753198
0.742488
0.732067
0.721928
0.712064
0.702467
0.693127
0.684038
0.675191
0.666578
0.658191
0.650022
0.642064
0.63431
0.626751
0.619382
0.612196
0.733899
0.72529
0.805858
0.870807
0.925501
0.972584
1.01366
1.04983
1.08188
1.1104
1.13589
1.15871
1.17919
1.19759
1.21413
1.229
1.24237
1.25438
1.26517
1.27483
1.28347
1.29119
1.29804
1.30411
1.30947
1.31416
1.31824
1.32175
1.32475
1.32726
1.32933
1.33099
1.33227
1.33319
1.33378
1.33406
1.33406
1.3338
1.33329
1.33255
1.3316
1.33045
1.32912
1.32761
1.32595
1.32413
1.32218
1.3201
1.3179
1.31558
1.31316
1.31065
1.30805
1.30536
1.30259
1.29976
1.29685
1.29389
1.29087
1.28779
1.28467
1.2815
1.27829
1.27504
1.27176
1.26845
1.26511
1.26174
1.25835
1.25494
1.25151
1.24806
1.24459
1.24112
1.23763
1.23413
1.23063
1.22711
1.2236
1.22008
1.21655
1.21303
1.2095
1.20597
1.20245
1.19893
1.19541
1.19189
1.18838
1.18488
1.18138
1.17789
1.1744
1.17093
1.16746
1.164
1.16055
1.15711
1.15368
1.15026
1.14685
1.14346
1.14007
1.1367
1.13334
1.12999
1.12666
1.12333
1.12002
1.11673
1.16355
1.19774
1.22702
1.2233
1.21959
1.21589
1.21222
1.20856
1.20493
1.20131
1.2268
1.22312
1.24621
1.26746
1.26368
1.28333
1.30165
1.31882
1.33496
1.35018
1.36457
1.37818
1.3911
1.38716
1.39943
1.41109
1.4222
1.43279
1.44289
1.45253
1.46174
1.47054
1.47895
1.48699
1.49469
1.50206
1.50911
1.51586
1.52233
1.52852
1.53445
1.54013
1.54557
1.55078
1.55577
1.56054
1.56512
1.5695
1.56598
1.5702
1.57423
1.5781
1.58179
1.58533
1.58871
1.59194
1.59502
1.59796
1.60077
1.60345
1.606
1.60843
1.61074
1.61293
1.61502
1.612
1.60898
1.61102
1.61296
1.61479
1.61653
1.61818
1.61973
1.6212
1.62257
1.62387
1.62508
1.62622
1.62728
1.62826
1.62917
1.63002
1.63079
1.6315
1.63215
1.63273
1.63325
1.63371
1.63412
1.63447
1.63477
1.63501
1.6352
-0
-0
-0
-0
-0
-0
-0
-0
-0
-0
-0
-0
-0
-0
-0
-0
-0
-0
-0
-0
-0
-0
-0
-0
-0
-0
-0
-0
-0
-0
-0
-0
0.195909
0.322757
0.422001
0.503258
0.571355
0.629249
0.678954
0.721928
0.759276
0.791858
0.820364
0.845351
0.867282
0.886541
0.903454
0.918296
0.931304
0.942683
0.952609
0.961237
0.9687
0.975119
0.980597
0.985228
0.981941
0.986233
0.989822
0.992774
0.995148
0.996995
0.998364
0.99718
0.995727
0.997349
0.998553
0.999376
0.999848
1
0.999857
0.999443
0.998781
0.997891
0.996792
0.995499
0.99403
0.992399
0.990617
0.988699
0.986655
0.984496
0.982231
0.979869
0.977418
0.974886
0.972279
0.969606
0.96687
0.964079
0.968321
0.972208
0.975761
0.978999
0.981941
0.984604
0.982681
0.980686
0.978624
0.9765
0.97432
0.972086
0.969803
0.967476
0.965106
0.962698
0.960255
0.95778
0.955275
0.952743
0.950187
0.947608
1.01229
1.0584
1.09726
1.13133
1.16181
1.18941
1.21462
1.23779
1.25919
1.27901
1.33673
1.35464
1.39502
1.42886
1.45841
1.48473
1.50847
1.53008
1.54987
1.56807
1.58487
1.60042
1.61485
1.62826
1.64074
1.65237
1.66322
1.67334
1.68278
1.69161
1.69984
1.70754
1.71472
1.72142
1.72767
1.7335
1.73892
1.74397
1.74866
1.75301
1.75705
1.76078
1.76422
1.76739
1.77029
1.77296
1.77538
1.77758
1.77957
1.78136
1.78295
1.78435
1.78558
1.78664
1.78753
1.78828
1.78887
1.78933
1.78964
1.78983
1.7899
1.78985
1.83042
1.85921
1.85875
1.85818
1.85751
1.85674
1.85588
1.85494
1.85391
1.85279
1.8516
1.85034
1.849
1.8476
1.84613
1.8446
1.843
1.84135
1.83964
1.83788
1.83607
1.83421
1.83231
1.83035
1.82836
1.82632
1.82425
1.82213
1.81998
1.8178
1.81558
1.81333
1.81105
1.80874
1.8064
1.80404
1.80165
1.79923
1.7968
1.79434
1.79186
1.78936
1.78684
1.7843
1.80565
1.80303
1.80041
1.81927
1.81659
1.83364
1.84929
1.84652
1.84374
1.84095
1.85535
