-0
1
0.918296
0.811278
0.721928
0.650022
0.591673
0.543564
0.503258
0.921928
1.0958
1.18872
1.2389
1.52164
1.64022
1.70282
1.73452
1.74717
1.74741
1.94644
2.03471
2.08377
2.11009
2.12165
2.12307
2.11731
2.10638
2.09167
2.07422
2.05477
2.19408
2.17096
2.14695
2.12238
2.09748
2.07243
2.04738
2.02244
1.9977
1.97322
1.94905
1.92524
1.90181
1.87878
1.85616
1.83397
1.81221
1.79089
1.76999
1.74953
1.81524
1.86445
1.90308
1.93403
1.95906
1.97936
2.07205
2.08701
2.09882
2.10796
2.11483
2.16758
2.20704
2.28867
2.33737
2.37348
2.40154
2.42372
2.44135
2.45533
2.46629
2.47472
2.481
2.55075
2.59223
2.62294
2.64673
2.66548
2.72968
2.7675
2.78116
2.79175
2.81901
2.83999
2.85638
2.86922
2.87918
2.88675
2.8923
2.89613
2.89846
2.89948
2.95405
2.98634
3.01017
3.00937
3.02773
3.04215
3.05348
3.06233
3.06909
3.07408
3.07756
3.07972
3.128
3.12866
3.12831
3.15667
3.17771
3.19402
3.20688
3.21702
3.22497
3.23107
3.23561
3.23879
3.2821
3.30784
3.32691
3.34167
3.35327
3.36241
3.36952
3.37495
3.37894
3.38168
3.42139
3.42281
3.44626
3.46364
3.47708
3.48765
3.52528
3.54751
3.56389
3.57651
3.58636
3.59403
3.59994
3.60435
3.6075
3.60954
3.61061
3.61083
3.61028
3.64465
3.66501
3.68006
3.69168
3.70078
3.7079
3.71341
3.71755
3.72052
3.72248
3.72355
3.75545
3.77435
3.78833
3.79912
3.80757
3.81418
3.81927
3.8231
3.82584
3.82764
3.8286
3.82881
3.82836
3.82732
3.82573
3.82365
3.82112
3.81818
3.84716
3.8645
3.87742
3.88749
3.89545
3.90175
3.9067
3.9105
3.91331
3.91526
3.91645
3.91697
3.91385
3.9104
3.91042
3.9099
3.90889
3.90742
3.90554
3.90328
3.90067
3.89774
3.89451
3.891
3.88723
3.88322
3.87899
3.87455
3.86992
3.89561
3.91133
3.92327
3.93276
3.94044
3.94669
3.95176
3.95584
3.95906
3.96152
3.96332
3.96452
3.96519
3.96536
3.9651
3.96442
3.96337
3.98719
4.00182
4.01295
4.02183
4.02904
4.03493
4.03973
4.04361
4.04669
4.04907
4.05084
4.05205
4.05276
4.05302
4.05286
4.05232
4.05143
4.05021
4.0487
4.04691
4.04486
4.04256
4.04004
4.03731
4.03438
4.03126
4.02797
4.02451
4.02089
4.01713
4.01323
4.01256
4.00935
4.01113
4.01245
4.01335
