-0
-0
-0
-0
-0
-0
-0
-0
-0
-0
-0
-0
-0
-0
-0
-0
-0
0.309543
0.485461
0.60984
0.702467
0.773227
0.755375
0.738285
0.721928
0.706274
0.69129
0.749595
0.797327
0.836641
0.869138
0.896038
0.918296
0.936667
0.951763
0.964079
1.11728
1.21081
1.21589
1.28528
1.34021
1.38469
1.42113
1.4512
1.47606
1.4966
1.51352
1.52737
1.53858
1.54752
1.55451
1.66171
1.72766
1.77769
1.81747
1.84979
1.87634
1.89823
1.91631
1.93117
1.94331
1.95311
2.0397
2.09269
2.13279
2.16458
2.19031
2.21133
2.28856
2.33532
2.37042
2.39802
2.42014
2.49071
2.53299
2.56448
2.58903
2.60852
2.62407
2.63645
2.64618
2.65369
2.6593
2.72081
2.75755
2.78486
2.80609
2.82289
2.83623
2.89279
2.9263
2.95105
2.97017
2.98517
2.99695
3.00613
3.01315
3.01833
3.02193
3.02416
3.02519
3.02515
3.07464
3.10408
3.1259
3.14281
3.15613
3.16663
3.17485
3.18116
3.18585
3.18913
3.19119
3.19218
3.23644
3.2628
3.28236
3.29755
3.30952
3.30908
3.30784
3.30586
3.30323
3.30235
3.31195
3.31958
3.32554
3.33009
3.36977
3.37284
3.37485
3.37592
3.37615
3.37563
3.39888
3.41631
3.42999
3.4409
3.44965
3.45662
3.46209
3.46629
3.46937
3.47148
3.47273
3.4732
3.47297
3.47212
3.50692
3.52798
3.54383
3.55631
3.56631
3.57435
3.58079
3.58588
3.58981
3.59274
3.59478
3.59602
3.59656
3.59647
3.62831
3.64762
3.66218
3.67366
3.68288
3.69031
3.69627
3.70099
3.70465
3.70738
3.73724
3.75531
3.76891
3.77962
3.78819
3.79507
3.80058
3.80492
3.80826
3.83649
3.85353
3.86632
3.87637
3.88439
3.89082
3.89593
3.89993
3.90298
3.9052
3.90668
3.9075
3.90773
3.90743
3.90665
3.90542
3.90378
3.90177
3.92768
3.94341
3.95529
3.96467
3.9722
3.97828
3.98317
3.98703
3.99003
4.0147
4.02965
4.04091
4.04978
4.05689
4.06261
4.06719
4.07079
4.07356
4.0756
4.07699
4.10037
4.11452
4.12517
4.13355
4.14026
4.14565
4.14996
4.15334
4.15593
4.15782
4.15909
4.15981
4.18195
4.19535
4.19547
4.19515
4.19441
4.20445
4.21237
4.23383
4.2468
4.25655
4.26423
4.28522
4.29786
4.30734
4.31478
4.32071
4.32544
4.32918
4.3321
4.33429
4.33585
4.33684
4.33734
4.34317
4.34321
-0
-0
-0
-0
-0
-0
-0
-0
-0
0.468996
0.439497
0.413817
0.391244
0.371232
0.353359
0.33729
0.322757
0.309543
0.297472
0.286397
0.276195
0.266765
0.258019
0.249882
0.242292
0.468167
0.605291
0.70757
0.787667
0.851933
0.904233
0.947169
0.982603
1.01192
1.03619
1.05623
1.20694
1.29812
1.36623
1.41961
1.46237
1.49702
1.52523
1.54823
1.56692
1.58199
1.59402
1.60345
1.61066
1.71988
1.72349
1.72551
1.72617
1.72563
1.72406
1.72158
1.7183
1.71433
1.70976
1.70464
1.69907
1.69308
1.75205
1.79775
1.83484
1.86562
1.89148
1.88431
1.90627
1.92494
1.94082
1.95432
1.96574
1.97535
2.05117
2.09893
2.13589
2.14226
2.1473
2.15115
2.15393
2.15577
2.15675
2.15696
2.15648
2.15536
2.15367
2.15146
2.14879
2.14568
2.14218
2.13833
2.13416
2.12969
2.12495
2.11997
2.11477
2.10936
2.10377
2.09802
2.09211
2.08606
2.07989
2.07361
2.06723
2.06076
2.05421
2.04759
2.0409
2.03415
2.02736
2.02053
2.01365
2.00675
1.99982
1.99287
1.9859
1.97892
1.97193
1.96494
1.96676
1.96821
1.96931
1.97009
1.97056
1.97075
1.97067
1.97034
1.96977
1.9815
1.99221
2.002
2.01094
2.01912
2.02236
2.02521
2.02769
2.06043
2.10717
2.13902
2.18468
2.21569
2.24105
2.28526
2.32893
2.35838
2.40109
2.4433
2.47158
2.51288
2.55369
2.59404
2.62084
2.64246
2.6607
2.67642
2.69015
2.70224
2.71294
2.72242
2.73085
2.76818
2.79283
2.82944
2.86565
2.88943
2.92496
2.94821
2.98306
3.0058
3.04001
3.05786
3.07991
3.09742
3.13052
3.15193
3.16887
3.20115
3.22194
3.23835
3.26984
3.29005
3.30594
3.33669
3.35633
3.38655
3.41649
3.44616
3.46497
3.47964
3.50863
3.52694
3.54119
3.5528
3.58097
3.60889
3.62642
3.6539
3.6711
3.68438
3.69513
3.70401
3.73061
3.74718
3.75995
3.78599
3.79615
3.81222
3.82456
3.83449
3.85973
3.87533
3.9002
3.91553
3.94005
3.95512
3.9666
3.97575
3.98319
3.98927
3.99423
4.01783
4.03228
4.04327
4.06642
4.08055
4.09126
4.11398
4.1278
4.15023
4.16382
4.18595
4.19933
4.22117
4.23434
4.24423
4.26568
4.27857
4.28823
4.3093
4.32193
4.33136
4.33872
4.34455
4.34917
4.36963
4.38185
4.39095
4.39803
4.41806
4.42999
4.43885
4.44572
4.45113
4.45537
4.45866
-0
-0
0.918296
1
0.970951
0.918296
0.863121
0.811278
0.764205
0.721928
1.0958
1.25163
1.33468
1.37878
1.39958
1.40564
1.40208
1.39215
1.61635
1.72193
1.78494
1.97057
2.00182
2.08496
2.13366
2.16198
2.17675
2.18201
2.18034
2.31851
2.38479
2.4248
2.44889
2.46214
2.46753
2.46706
2.46212
2.57289
2.62767
2.66177
2.76227
2.81121
2.84112
2.85929
2.94949
2.99299
3.01924
3.03483
3.04295
3.04553
3.04384
3.03878
3.03102
3.02108
3.00936
2.99618
2.9818
2.96644
3.04011
3.0784
3.10345
3.12017
3.13095
3.11532
3.09904
3.08223
3.06497
3.04737
3.02947
3.0385
3.04416
3.04708
3.04771
3.04642
3.0435
3.03918
3.03366
3.01937
3.0133
3.00632
2.99855
2.99009
2.98102
2.97142
3.02874
3.06166
3.08535
3.10312
3.11657
3.12668
3.13409
3.13926
3.19125
3.19411
3.19538
3.19528
3.19398
3.19163
3.22066
3.24169
3.2576
3.26977
3.27901
3.28589
3.2908
3.29405
3.29585
3.29641
3.29588
3.29439
3.29203
3.33624
3.36209
3.38097
3.39537
3.40648
3.41503
3.42149
3.42621
3.42944
3.47016
3.4939
3.51123
3.52441
3.53456
3.54233
3.54817
