-0
-0
0.918296
1
0.970951
0.918296
0.863121
0.811278
0.764205
0.721928
0.684038
0.650022
0.619382
0.591673
0.56651
0.543564
0.522559
0.503258
0.485461
0.468996
0.722858
0.699858
0.678407
0.658351
0.639556
0.621904
0.605291
0.589626
0.574828
0.560825
0.547553
0.534955
0.522978
0.511578
0.500712
0.5934
0.668913
0.731884
0.785152
0.830641
0.869747
0.903524
0.932793
0.95821
0.980308
0.999525
1.12681
1.20776
1.27062
1.32174
1.36428
1.40014
1.43061
1.45663
1.4789
1.49798
1.50794
1.51621
1.52299
1.52845
1.53274
1.53597
1.53827
1.55481
1.56917
1.57078
1.58334
1.5942
1.60357
1.61159
1.6184
1.62
1.62094
1.62701
1.62752
1.62747
1.62692
1.62591
1.62448
1.62268
1.62052
1.61806
1.6153
1.61227
1.60901
1.61598
1.62211
1.62747
1.63212
1.63612
1.63952
1.64236
1.64469
1.64655
1.64796
1.64897
1.6496
1.64987
1.64982
1.64947
1.71327
1.71216
1.75497
1.78984
1.81951
1.84531
1.86803
1.88823
1.90628
1.92248
1.93706
1.9502
1.96206
1.97277
1.98244
1.99116
1.99902
2.00608
2.01241
2.01807
2.07045
2.10567
2.13428
2.15857
2.17964
2.19817
2.21459
2.22923
2.24233
2.25408
2.26463
2.27411
2.28262
2.29026
2.2971
2.30321
2.30865
2.31348
2.31773
2.32145
2.32519
2.32845
2.33125
2.33362
2.3356
2.33721
2.34061
2.34357
2.34611
2.34827
2.35006
2.35151
2.35264
2.35348
2.35403
2.35431
2.35434
2.35414
2.35371
2.35307
2.35494
2.35415
2.35317
2.35483
2.3562
2.35729
2.35813
2.35872
2.35908
2.35922
2.35915
2.35888
2.35843
2.3578
2.35701
2.35605
2.35494
2.35369
2.35333
2.35199
2.35053
2.34894
2.34723
2.3454
2.34347
2.34144
2.33931
2.33709
2.33478
2.33238
2.32991
2.32735
2.32473
2.32203
2.31927
2.31644
2.31356
2.31062
2.30762
2.30457
2.30147
2.29832
2.29513
2.2919
2.28863
2.28531
2.28196
2.27858
2.27516
2.27171
2.26823
2.26988
2.27134
2.27263
2.27377
2.27474
2.27144
2.27231
2.27304
2.27363
2.27409
2.27442
2.27464
2.27473
2.27472
2.2746
2.27437
2.27405
2.27363
2.27312
2.27252
2.27183
2.27106
2.27022
2.26929
2.2683
2.26723
2.26609
2.26489
2.26363
2.2623
2.26092
2.25862
2.25629
2.25392
2.25152
2.24909
2.24662
2.24413
2.24161
2.23907
2.23649
2.23853
2.23596
2.23787
2.23965
-0
-0
-0
-0
-0
-0
-0
-0
-0
-0
-0
-0
-0
-0
-0
-0
0.322757
0.503258
0.629249
0.721928
0.791858
0.773227
0.755375
0.811278
0.79504
0.77935
0.764205
0.749595
0.735509
0.721928
0.708836
0.696212
0.684038
0.672295
0.660962
0.650022
0.639457
0.629249
0.619382
0.60984
0.600609
0.591673
0.583019
0.574636
0.56651
0.558629
0.550984
0.543564
0.53636
0.529361
0.577004
0.569961
0.563103
0.556422
0.549911
0.543564
0.537376
0.53134
0.525451
0.519703
0.514091
0.508611
0.503258
0.61151
0.605041
0.598722
0.592546
0.586508
0.580605
0.574831
0.569182
0.63909
0.697016
0.747019
0.791089
0.830429
0.865857
0.897965
0.927205
0.919668
0.912261
0.904981
0.897825
0.89079
0.883873
0.877071
0.870382
0.863802
0.857329
0.85096
0.844693
0.838526
0.832456
0.826481
0.820598
0.814806
0.809102
0.803485
0.832906
0.860077
0.885262
0.908677
0.930499
0.924698
0.918974
0.913325
0.907751
0.902249
0.896819
0.917132
0.936197
0.954117
0.970982
0.986871
1.00186
1.016
1.02936
1.04198
1.05392
1.06521
1.0759
1.08602
1.0956
1.10467
1.11326
1.1214
1.12911
1.13641
1.14333
1.14987
1.15607
1.16194
1.16749
1.22223
1.26143
1.26607
1.27044
1.3032
1.30711
1.33578
1.33929
1.34257
1.34563
1.37099
1.37371
1.37624
1.37857
1.40133
1.42223
1.44153
1.45945
1.47614
1.49172
1.50632
1.52001
1.53287
1.53445
1.53588
1.53716
1.53828
1.53927
1.54012
1.54084
1.55276
1.56401
1.57462
1.58466
1.59415
1.60312
1.61162
1.61967
1.62729
1.63451
1.64134
1.64782
1.65395
1.65976
1.66526
1.67047
1.6754
1.68005
1.68446
1.68862
1.69255
1.69625
1.69974
1.70303
1.70612
1.70902
1.71174
1.71429
1.71667
1.7189
1.72097
1.72289
1.76029
1.76191
1.7634
1.76475
1.76598
1.76709
1.79348
1.79438
1.79516
1.79584
1.79642
1.81855
1.81895
1.81926
1.81948
1.81962
1.81966
1.81963
1.83886
1.85625
1.87217
1.87191
1.88656
1.88619
1.89977
1.91243
1.91193
1.91137
1.92318
1.93427
1.94471
1.95456
1.96386
1.97266
1.98099
1.98888
1.99637
2.00347
2.01022
2.01662
2.02271
2.0285
2.034
2.03922
2.04419
2.04891
2.0534
2.05766
2.08763
2.10922
2.11307
2.13137
2.14757
2.1622
2.17557
2.1879
2.19933
2.20998
2.21994
2.22927
2.23804
-0
-0
-0
-0
-0
-0
-0
-0
-0
0.468996
0.439497
0.413817
0.391244
0.371232
0.353359
0.33729
0.322757
0.309543
0.297472
0.568996
0.548954
0.530406
0.678407
0.785235
0.866314
0.929355
0.979023
1.01842
1.04975
1.07463
1.09427
1.10962
1.12142
1.13028
1.13667
1.14098
1.13264
1.12396
1.11501
1.10587
1.09658
1.0872
1.17476
1.24194
1.29597
1.34042
1.37747
1.40858
1.43482
1.45697
1.47568
1.49143
1.50463
1.51562
1.52467
1.53203
1.53789
1.53065
1.52316
1.51548
1.50762
1.49962
1.49151
1.48331
1.47503
1.46669
1.45832
1.44992
1.4415
1.43308
1.42467
1.41627
1.4079
1.41922
1.4293
1.43824
1.44616
1.45315
1.45927
1.46462
1.46924
1.46278
1.46699
1.47058
1.47362
1.47613
1.47056
1.46494
1.45926
1.45355
1.44779
1.44201
1.4362
1.43971
1.44276
