-0
-0
-0
0.811278
0.970951
1
0.985228
0.954434
0.918296
0.881291
0.845351
0.811278
0.77935
0.749595
0.721928
0.696212
0.672295
0.650022
0.629249
0.60984
0.591673
0.574636
0.558629
0.543564
0.529361
0.515947
0.503258
0.491237
0.479832
0.468996
0.458686
0.448864
0.439497
0.430552
0.605427
0.716176
0.801619
0.870691
0.927848
0.975809
1.01642
1.05101
1.08058
1.10593
1.12766
1.14629
1.16223
1.17584
1.1874
1.19716
1.20533
1.2121
1.32427
1.39575
1.45139
1.49675
1.53459
1.56654
1.59374
1.617
1.63692
1.65399
1.66859
1.68104
1.76986
1.77925
1.78704
1.79339
1.8477
1.88997
1.92444
1.95317
1.9774
1.99799
2.01553
2.03048
2.0432
2.05398
2.06307
2.07064
2.07689
2.08194
2.08592
2.08894
2.09109
2.09246
2.09311
2.09312
2.09254
2.09142
2.08982
2.08776
2.0853
2.08247
2.0793
2.07581
2.07204
2.06801
2.06373
2.06992
2.07524
2.07976
2.08355
2.07958
2.07541
2.07104
2.0665
2.06179
2.0656
2.0688
2.07143
2.07356
2.06923
2.07101
2.06668
2.06815
2.0692
2.06988
2.07019
2.07018
2.06985
2.06923
2.06833
2.06719
2.0658
2.06419
2.06237
2.06036
2.05816
2.05579
2.05326
2.05058
2.04775
2.04479
2.04171
2.03851
2.0352
2.03179
2.02828
2.02468
2.02099
2.01723
2.01339
2.01993
2.02593
2.02213
2.01826
2.01432
2.01034
2.00629
2.01205
2.00801
2.01336
2.01828
2.02278
2.02691
2.03067
2.03409
2.03719
2.03999
2.0425
2.03893
2.04123
2.04327
2.04507
2.04663
2.04327
2.03985
2.03638
2.03287
2.02932
2.02572
2.02209
2.01842
2.01471
2.01098
2.00721
2.00342
1.9996
1.99576
1.9919
1.98801
1.9841
1.98018
1.97624
1.97229
1.96832
1.96434
1.96034
1.95634
1.95798
1.95946
1.95555
1.95163
1.9477
1.94377
1.94529
1.94666
1.94282
1.94409
1.94522
1.94622
1.94709
1.94783
1.94846
1.94897
1.94937
1.94966
1.94985
1.94995
1.94995
1.94985
1.94967
1.9494
1.94906
1.94863
1.9456
1.94255
1.94214
1.94165
1.9411
1.94047
1.93978
1.93903
1.93821
1.93733
1.9364
1.93541
1.93437
1.93327
1.93213
1.93093
1.92969
1.92841
1.92708
1.92571
1.9243
1.92284
1.92135
1.91983
1.91827
1.91667
1.91504
1.91338
1.91169
1.90997
1.90822
1.90645
1.90464
1.90281
1.90096
1.89908
1.89718
1.89525
1.89331
1.89134
-0
-0
-0
-0
-0
0.650022
0.863121
0.954434
0.991076
1
1.34859
1.48336
1.46048
1.53062
1.5656
1.57943
1.57986
1.57154
1.55743
1.53949
1.51905
1.49702
1.47404
1.45058
1.42696
1.40341
1.38009
1.35713
1.3346
1.3629
1.38425
1.40007
1.41144
1.41917
1.42392
1.4262
1.42645
1.42499
1.42211
1.41805
1.45376
1.48286
1.5066
1.52591
1.54152
1.55401
1.56384
1.5714
1.57699
1.58088
1.5833
1.58443
1.58445
1.58348
1.58165
1.57907
1.57582
1.57199
1.56765
1.56286
1.55767
1.55214
1.5463
1.5402
1.53387
1.52734
1.52063
1.51378
1.60113
1.6577
1.70235
1.78429
1.83687
1.8781
1.91195
1.94036
1.96451
1.99668
2.02365
2.04655
2.06612
2.08291
2.09733
2.1097
2.12028
2.12929
2.1369
2.14326
2.1485
2.15274
2.15607
2.15857
2.16033
2.16141
2.15441
2.14727
2.14
2.13263
2.12516
2.11761
2.10998
2.10229
2.09455
2.08675
2.07892
2.08376
2.08789
2.09136
2.09423
2.09655
2.09834
2.09144
2.08449
2.0775
2.07047
2.06341
2.05633
2.04923
2.04211
2.03498
2.02785
2.02071
2.01357
2.00642
1.99929
1.99216
1.98504
1.9886
1.99172
1.99443
1.99676
1.99012
1.98348
1.97685
1.97023
1.96362
1.95702
1.95043
1.94386
1.9373
1.93077
1.92425
1.91775
1.91127
1.90482
1.89838
1.89198
1.89843
1.9044
1.90992
1.91501
1.91971
1.91367
1.90764
1.9121
1.91621
1.91999
1.92344
1.9266
1.92948
1.93209
1.93444
1.93655
1.93843
1.93315
1.93488
1.92968
1.93128
1.93268
1.93389
1.93492
1.93577
1.93647
1.937
1.93738
1.93762
1.93773
1.9377
1.93754
1.93727
1.93688
1.95263
1.96713
1.98053
1.99297
2.00453
2.01531
2.02537
2.03478
2.04359
2.05184
2.05957
2.06683
2.07363
2.08002
2.086
2.09162
2.09688
2.10182
2.10644
2.11076
2.14534
2.14923
2.17355
2.19399
2.19743
2.20062
2.21838
2.23426
2.24863
2.26176
2.27382
2.28495
2.29526
2.30483
2.31374
2.32204
2.32978
2.33701
2.34377
2.35009
2.356
2.36153
2.3667
2.37152
2.402
2.40639
2.42773
2.44562
2.46124
2.47519
2.48778
2.49926
2.50978
2.51947
2.52842
2.53672
2.54441
2.55157
2.55515
2.55847
2.56154
2.56438
2.56698
2.56937
2.57155
2.57354
2.57535
2.57697
2.57842
2.57972
2.58085
2.58184
2.58268
2.58339
2.58396
-0
-0
-0
-0
-0
-0
-0
-0
-0
-0
-0
-0
0.391244
0.371232
0.353359
0.33729
0.322757
0.309543
0.297472
0.286397
0.276195
0.266765
0.258019
0.249882
0.242292
0.235193
0.228538
0.222285
0.216397
0.210842
0.205593
0.200622
0.195909
0.191433
0.187176
0.183122
0.179256
0.175565
0.172037
0.168661
0.165427
0.162326
0.15935
0.156491
0.153742
0.151097
0.148549
0.146094
0.143726
0.141441
0.139233
0.137099
0.135036
0.265575
0.355489
0.429181
0.492138
0.547076
0.595649
0.638985
0.677903
0.713032
0.744865
0.773803
0.800177
0.824264
0.846301
0.866489
0.885005
0.902001
0.917613
0.93196
0.945147
0.957271
0.968414
0.978654
0.98806
0.996694
1.00461
1.01187
1.01851
1.02457
1.0301
1.03514
1.03971
1.04385
1.04758
1.05093
1.05393
1.0566
1.05896
1.06102
1.06281
1.06435
