-0
-0
0.918296
1
0.970951
1.45915
1.55666
1.5
1.53049
1.84644
1.93626
1.95915
1.95006
2.18201
2.17356
2.1494
2.1163
2.07818
2.0374
1.99546
1.9533
1.91153
1.87054
1.83056
1.79174
1.75416
1.71785
1.68282
1.71672
1.74034
1.75618
1.76604
1.77118
1.77258
1.77098
1.76697
1.76101
1.75346
1.74463
1.81967
1.80909
1.86275
1.85118
1.89185
1.92333
1.94783
1.96682
1.98134
2.01097
2.0216
2.04472
2.06285
2.07692
2.1715
2.22676
2.31623
2.36792
2.40526
2.43344
2.51517
2.56183
2.5952
2.6716
2.71472
2.74525
2.76776
2.78448
2.79676
2.80549
2.81131
2.81472
2.83614
2.90171
2.92854
2.94353
2.94415
2.95527
2.96324
2.96863
2.97185
2.97323
2.97303
2.97146
2.96871
2.96492
2.96021
2.9547
2.94848
2.94162
2.94329
2.94366
2.94288
2.95817
2.95641
2.96849
2.97797
2.98528
2.99074
2.99462
2.99712
2.99842
2.99865
2.99793
2.99637
2.99406
2.99107
2.98746
2.98331
3.03121
3.02629
3.05515
3.07688
3.094
3.10773
3.15273
3.17981
3.1903
3.21042
3.22618
3.23874
3.28103
3.30633
3.34758
3.38825
3.41236
3.4302
3.46953
3.49272
3.50978
3.52289
3.5331
3.55544
3.57185
3.58443
3.60054
3.61289
3.62247
3.63199
3.63936
3.6467
3.65229
3.68705
3.7074
3.74143
3.76127
3.77573
3.78672
3.79518
3.80163
3.80806
3.81288
3.81769
3.82114
3.83178
3.84
3.85364
3.86405
3.87207
3.87823
3.90874
3.92651
3.93945
3.94928
3.95682
3.96257
3.96684
3.96987
3.97185
3.9729
3.97314
3.97265
3.97701
3.98018
3.98232
3.98807
3.99024
3.99151
3.9959
3.99913
4.00137
4.00273
4.00333
4.00325
4.00256
4.00406
4.00346
4.0301
4.04586
4.07208
4.08754
4.09892
4.10767
4.11448
4.12566
4.13425
4.14094
4.13953
4.13765
4.13535
4.13265
4.1296
4.12621
4.12252
4.11854
4.1143
4.10982
4.11525
4.11057
4.11485
4.11
4.10495
4.10832
4.11084
4.10569
4.10752
4.10868
4.10927
4.10932
4.1089
4.10804
4.11356
4.11797
4.14094
4.1548
4.17746
4.1911
4.21346
4.22356
4.23147
4.24146
4.2445
4.24676
4.2453
4.24349
4.24137
4.23895
4.23626
4.23331
4.23012
4.22671
4.2231
4.21929
4.2153
4.2172
4.21853
4.21444
4.21528
4.21565
4.2156
4.21516
4.21106
4.20702
4.20631
4.21266
4.23313
4.24566
-0
1
0.918296
0.811278
0.721928
0.650022
0.591673
0.543564
0.503258
0.468996
0.439497
0.413817
0.391244
0.371232
0.699843
0.993393
1.14007
1.23322
1.295
1.33616
1.36301
1.37956
1.49064
1.67841
1.85357
2.01747
2.09721
2.14621
2.21963
2.24832
2.26494
2.3087
2.31646
2.43976
2.55723
2.61376
2.66832
2.70117
2.72074
2.75251
2.76276
2.76645
2.78599
2.78504
2.87689
2.88698
2.88158
2.88639
2.88668
2.88342
2.8773
2.86888
2.85857
2.84671
2.92606
2.96733
2.95346
2.97224
3.01192
3.0381
3.03769
3.03475
3.05267
3.06468
3.08983
3.09719
3.12176
3.13335
3.1219
3.10961
3.09659
3.08297
3.06883
3.06726
3.07652
3.0944
3.10734
3.11646
3.12252
3.12608
3.12754
3.12546
3.13199
3.1361
3.1382
3.13858
3.13597
3.13224
3.12753
3.12196
3.11563
3.13299
3.14623
3.15627
3.16371
3.16712
3.19668
3.2181
3.26705
3.26683
3.31462
3.36161
3.40783
3.43407
3.47898
3.50431
3.54798
3.57246
3.56939
3.61165
3.65326
3.67639
3.71692
3.75685
3.7962
3.81774
3.81263
3.85082
3.88848
3.90894
3.94568
3.93695
3.97307
4.0087
4.02785
4.01844
4.03145
4.04052
4.04098
4.07497
4.09326
4.1265
4.14429
4.14182
4.17421
4.19149
4.19951
4.21105
4.24231
4.25891
4.27
4.3004
4.31647
4.32714
4.35673
4.37228
4.38255
4.41137
4.43986
4.46804
4.49591
4.51032
4.53767
4.55174
4.5786
4.59235
4.60117
4.60994
4.61558
4.62426
4.62985
4.64311
4.65163
4.65712
4.66038
4.6619
4.68681
4.68682
4.7114
4.72396
4.74813
4.75605
4.77984
4.80342
4.81534
4.82288
4.84595
4.85757
4.86489
4.88748
4.89193
4.90322
4.90563
4.90648
4.92845
4.93947
4.94637
4.95064
4.97207
4.97432
4.98501
4.98573
4.98524
4.98372
4.98132
5.0021
5.01255
5.01912
5.03951
5.04972
5.05368
5.05583
5.05656
5.05614
5.05474
5.05252
5.04957
5.05363
5.05594
5.05244
5.0719
5.08179
5.08807
5.09203
5.09429
5.09521
5.10492
5.10474
5.1235
5.12236
5.12044
5.11784
5.11465
5.11093
5.10673
5.11626
5.11164
5.11781
5.11284
5.10751
5.12562
5.13498
5.14105
5.145
5.14739
5.16508
5.16619
5.1753
5.16977
5.16992
5.16415
5.15813
5.15187
5.14539
5.16266
5.15595
5.14906
5.16618
5.1591
5.15185
5.1515
5.15045
5.1488
5.14662
5.16343
5.16074
-0
-0
-0
0.811278
0.970951
1
0.985228
0.954434
0.918296
0.881291
0.845351
0.811278
0.77935
0.749595
0.721928
0.696212
0.672295
0.650022
0.913283
1.05402
1.14883
1.21587
1.26409
1.29879
1.32347
1.34051
1.35164
1.35816
1.36102
1.36096
1.35858
1.35434
1.34859
1.34163
1.33371
1.32501
1.3157
1.45664
1.44446
1.52701
1.588
1.63525
1.67263
1.70246
1.72634
1.71381
1.70103
1.68805
1.67494
1.67495
1.67375
1.67151
1.66837
1.66444
1.65983
1.65462
1.6489
1.64273
1.63617
1.62928
1.62209
1.61466
1.60701
1.59918
1.59121
1.5831
1.57489
1.61459
1.60614
1.59763
1.58907
1.58048
1.57185
1.56322
1.55458
1.54595
1.53733
1.52874
1.52017
1.51163
1.50313
1.49467
1.48626
1.4779
1.46959
1.46133
1.45313
1.445
1.43692
1.4289
1.42095
1.41307
1.40525
1.3975
1.38981
1.42128
1.44926
1.47435
1.54092
1.56282
1.58263
1.60063
1.64453
1.68046
1.71117
1.73799
1.76172
1.7829
1.80192
1.81906
1.83457
1.84863
1.86139
1.87299
1.88352
1.8931
1.90179
1.90968
1.91682
1.92327
1.9291
1.93433
1.93901
1.94319
1.94689
1.95014
1.95298
1.95543
2.00576
2.04002
2.06808
2.09208
2.11307
2.13165
2.14825
2.16316
2.17661
2.18878
2.19981
2.20982
2.25498
2.28549
2.31036
2.33156
2.35002
2.3663
2.40896
2.4376
2.46085
2.47461
2.48688
2.49787
2.51716
2.5339
2.54862
2.56165
2.57326
2.58363
2.59292
2.60125
2.60872
2.61541
2.65327
2.67853
2.69896
2.71625
2.73119
2.74428
2.75584
2.7661
2.77523
2.78336
2.79062
2.79708
2.80284
2.80794
2.81245
2.81641
2.81987
2.82286
2.82542
2.82758
2.82937
2.8308
2.83191
2.83701
2.83782
2.83835
2.8386
2.8386
2.83836
2.83789
2.8372
2.83632
2.83524
2.83398
2.83256
2.86405
2.88521
2.90243
2.91707
2.92979
2.941
2.95094
2.95982
2.96776
2.97489
2.98128
2.98702
2.99217
2.99677
3.00087
3.00452
3.00774
3.01057
3.01303
3.01515
3.01695
3.01845
3.01967
3.02062
3.02132
3.02179
3.04958
3.06826
3.08347
3.09641
3.09643
3.09625
3.09587
3.09531
3.09457
3.09367
3.0926
3.10373
3.11355
3.11231
3.11093
3.10941
3.11814
3.12597
3.13301
3.15865
3.16489
3.17051
3.17557
3.18013
3.18423
3.18791
3.19119
3.19411
3.1967
3.19897
3.19738
3.19938
3.19769
-0
-0
-0
-0
-0
-0
-0
0.543564
0.503258
0.468996
0.684038
0.811278
1.14012
1.28705
1.37095
1.41974
1.44665
1.45915
1.67982
1.78223
1.84237
1.87789
1.89732
1.90564
1.90604
1.90067
1.89106
1.87831
1.86323
1.84644
1.8284
1.84246
1.85076
1.85454
1.85473
1.85205
1.84704
1.84015
1.83174
1.8221
1.81146
1.80001
1.78793
1.83003
1.86289
1.85062
1.83792
1.82489
1.8116
1.83881
1.82563
1.81229
1.79884
1.78533
1.77178
1.75823
1.78215
1.8021
1.81874
1.83255
1.84394
1.85322
1.86067
1.8665
1.85591
1.84523
1.83448
1.82367
1.81283
1.80197
1.79111
1.79821
1.78769
1.77718
1.76669
1.75623
1.74581
1.73543
1.7251
1.71483
1.72547
1.7348
1.74297
1.81539
1.86278
1.90049
1.93189
1.95862
1.98167
2.0017
2.0192
2.08376
2.12559
2.15866
2.18604
2.20922
2.22907
2.2462
2.26105
2.27394
2.28513
2.29482
2.3514
2.38779
2.41643
2.44004
2.45992
2.47687
2.49142
2.50394
2.51473
2.56588
2.59854
2.62412
2.6451
2.66268
2.67759
2.6903
2.7377
2.76775
2.79116
2.81027
2.8262
2.83963
2.851
2.86064
2.8688
2.87566
2.91886
2.94609
2.96723
2.98443
2.99058
2.99564
2.99973
3.00296
3.0116
3.01889
3.02394
3.02807
3.03135
3.04506
3.05661
3.0664
3.07469
3.0817
3.08759
3.12516
3.14886
3.16728
3.18227
3.19473
3.20519
3.21401
3.22144
3.22768
3.23287
3.23714
3.24058
3.24329
3.24533
3.24677
3.28076
3.30219
3.31884
3.33239
3.34365
3.3531
3.36105
3.36775
3.37336
3.37802
3.38184
3.3849
3.3873
3.41861
3.43831
3.4536
3.46602
3.47633
3.48496
3.49221
3.4983
3.52799
3.5466
3.56099
3.57264
3.58228
3.59031
3.59703
3.60264
3.60728
3.61109
3.61415
3.61654
3.61833
3.64596
3.66324
3.6766
3.6874
3.69632
3.70375
3.70996
3.71512
3.71938
3.72286
3.72564
3.72779
3.75372
3.76991
3.7824
3.79249
3.80081
3.80773
3.81349
3.81827
3.8222
3.8469
3.86228
3.87411
3.88365
3.89149
3.89799
3.90338
3.90783
3.91147
3.9144
3.91669
3.91842
3.91964
3.9204
3.92073
3.92067
3.92025
3.94321
3.95753
3.96857
3.97748
3.98482
3.99091
4.01315
4.02698
4.03761
4.04616
4.05319
4.05899
4.0638
4.06776
4.08917
4.10244
4.11262
4.12079
4.12748
4.13299
4.13754
4.14126
-0
-0
-0
-0
-0
-0
-0
-0
-0
-0
-0
-0
-0
-0
-0
0.33729
0.522559
0.650022
0.742488
0.811278
0.863121
0.902393
0.932112
0.954434
0.970951
0.982859
0.991076
0.996317
0.999142
1.17668
1.2798
1.35434
1.41087
1.45464
1.48882
1.51554
1.53631
1.67145
1.74934
1.76104
1.81632
1.85814
1.89033
1.91522
1.93436
1.94887
1.95959
1.96715
2.07073
2.07407
2.13342
2.17651
2.20925
2.23453
2.2541
2.26912
2.28044
2.28869
2.29436
2.29784
2.38085
2.42931
2.46461
2.49151
2.51232
2.52844
2.5408
2.55006
2.55675
2.56125
2.56388
2.56489
2.63417
2.67482
2.70458
2.72737
2.74507
2.75883
2.76942
2.77739
2.78316
2.78704
2.7893
2.79015
2.78976
2.78829
2.84679
2.88141
2.90696
2.92668
2.94213
2.95426
2.96371
2.97091
2.97622
2.97991
2.98219
2.98323
2.98318
2.98217
2.9803
3.03057
3.06059
3.0829
3.10025
3.11397
3.12484
3.1334
3.14003
3.14501
3.14858
3.1509
3.15214
3.15241
3.15182
3.15046
3.14841
3.14573
3.14248
3.13873
3.1345
3.12985
3.12482
3.11943
3.1617
3.15579
3.18153
3.20107
3.19479
3.21033
3.22293
3.23322
3.23219
3.24061
3.24747
3.25297
3.25148
3.25586
3.25921
3.26165
3.25983
3.26153
3.2625
3.26037
3.26076
3.26056
3.25981
3.25751
3.25635
3.25474
3.25224
3.2503
3.24798
3.2453
3.24272
3.23982
3.237
3.23389
3.23049
3.22757
3.22401
3.2202
3.21719
3.21326
3.20911
3.20603
3.20179
3.19736
3.19423
3.18972
3.18505
3.18023
3.17527
3.17018
3.16496
3.15963
3.15419
3.14865
3.14301
3.13729
3.13148
3.1256
3.11965
3.11363
3.10755
3.1014
3.09521
3.08897
3.08268
3.07635
3.06997
3.06357
3.05713
3.05066
3.04416
3.03763
3.03109
3.02452
3.01794
3.01134
3.00472
2.99809
2.99145
2.98481
2.97815
2.97149
2.96483
2.95816
2.95149
2.94482
2.93815
2.93149
2.92482
2.95406
2.94733
2.9406
2.96023
2.97625
2.98992
3.00183
3.01235
3.02172
3.03011
3.03764
3.04442
3.05053
3.05604
3.06099
3.06545
3.06945
3.07302
3.0762
3.07901
3.08149
3.10802
3.11008
3.11184
3.11333
3.11455
3.11553
3.13311
3.13381
3.14811
3.16032
3.17095
3.18035
3.18072
3.18908
3.19656
3.20327
3.22801
3.22808
3.24466
3.25816
3.26966
3.27966
-0
1
0.918296
0.811278
0.721928
0.650022
0.863121
0.954434
0.991076
1
0.99403
0.979869
0.961237
0.940286
0.918296
0.896038
0.873981
0.852405
1.10501
1.23616
1.32231
1.38146
1.42248
1.45058
1.46918
1.48062
1.48657
1.48826
1.48663
1.48239
1.4761
1.46818
1.45898
1.44878
1.43779
1.58097
1.66345
1.72274
1.7674
1.80163
1.82799
1.84818
1.86342
1.87462
1.88249
1.99266
2.05626
2.10212
2.13672
2.16323
2.18358
2.19904
2.21053
2.21876
2.22425
2.22744
2.22866
2.2282
2.2263
2.22314
2.30738
2.35702
2.39347
2.42149
2.44338
2.46054
2.4739
2.48416
2.4918
2.49722
2.50075
2.50264
2.5031
2.50232
2.50044
2.4976
2.49391
2.48946
2.48434
2.47864
2.4724
2.46569
2.45857
2.45108
2.44326
2.43515
2.42677
2.41817
2.40937
2.47067
2.46129
2.49931
2.52855
2.55213
2.57153
2.58766
2.60112
2.61235
2.62167
2.62935
2.63558
2.64055
2.69377
2.72687
2.75228
2.77272
2.7895
2.8034
2.81495
2.82453
2.83243
2.83887
2.84403
2.84806
2.85108
2.8532
2.85451
2.85509
2.855
2.85431
2.85306
2.85131
2.89626
2.92444
2.94623
2.96387
2.97845
2.99063
3.00083
3.00937
3.01648
3.02236
3.02714
3.068
3.09353
3.11321
3.1291
3.1422
3.15309
3.16218
3.16974
3.176
3.18111
3.18522
3.22269
3.22569
3.2489
3.26676
3.28116
3.293
3.30282
3.31099
3.31776
3.32333
3.32785
3.33145
3.36585
3.38722
3.40363
3.41682
3.42765
3.4366
3.44402
3.45013
3.45513
3.45916
3.49127
3.51115
3.52638
3.53859
3.54858
3.55681
3.5636
3.59416
3.613
3.62737
3.6572
3.6755
3.68942
3.70051
3.7095
3.73828
3.75585
3.76918
3.77975
3.8077
3.82469
3.83753
3.84768
3.85585
3.86245
3.86776
3.87198
3.89861
3.91476
3.92692
3.93651
3.96243
3.97807
3.98982
3.99905
4.00642
4.01232
4.01702
4.02069
4.04547
4.06039
4.07156
4.08032
4.08729
4.09284
4.11678
4.13113
4.14186
4.16532
4.17935
4.18979
4.19792
4.20435
4.20942
4.21339
4.21641
4.23894
4.25237
4.26235
4.27011
4.27621
4.28102
4.28306
4.28681
4.28965
4.29171
4.29309
4.29387
4.29411
4.29386
4.29318
4.29209
4.29063
4.3117
4.32432
4.33374
4.34108
4.3469
4.35151
4.35513
4.3579
4.35994
4.36135
4.38152
4.39359
4.4026
4.40961
4.41516
4.41955
4.42298
-0
1
1.58496
1.5
1.37095
1.25163
1.6645
1.75
1.75272
1.72193
2.00489
2.08496
2.10391
2.09307
2.06625
2.03064
1.99032
1.9477
2.14266
2.22193
2.26113
2.27761
2.27966
2.27206
2.2578
2.2389
2.38452
2.45021
2.48712
2.50689
2.51518
2.51532
2.63501
2.62713
2.6821
2.71419
2.73239
2.74106
2.74281
2.73935
2.73191
2.72135
2.70834
2.6934
2.67694
2.65927
2.75124
2.73174
2.7789
2.80967
2.83018
2.84344
2.85124
2.85478
2.93398
2.97511
3.002
3.01995
3.03153
3.0383
3.04127
3.0412
3.03862
3.03398
3.10198
3.13795
3.16191
3.17827
3.18918
3.19593
3.19937
3.20013
3.19867
3.19534
3.25489
3.28682
3.30835
3.32329
3.33348
3.34
3.3436
3.34481
3.34403
3.34156
3.39452
3.39024
3.38474
3.41325
3.43282
3.4467
3.45644
3.46298
3.46695
3.4688
3.46887
3.51628
3.54225
3.56014
3.57286
3.58183
3.58788
3.59159
3.59336
3.59349
3.59222
3.58974
3.58621
3.58175
3.57647
3.57048
3.56384
3.55664
3.59823
3.62166
3.63823
3.65039
3.65934
3.66578
3.67018
3.67289
3.67416
3.67418
3.67313
3.67113
3.6683
3.66471
3.66047
3.65562
3.65024
3.64438
3.63807
3.63137
3.62431
3.61693
3.60924
3.60129
3.59309
3.58467
3.62044
3.64149
3.65695
3.66882
3.67804
3.68519
3.69065
3.69468
3.69749
3.69924
3.70007
3.70008
3.73303
3.75246
3.76676
3.77775
3.78631
3.79296
3.79804
3.80181
3.80445
3.80611
3.80691
3.80694
3.80629
3.80503
3.8032
3.80088
3.79809
3.82804
3.84586
3.85908
3.86933
3.87738
3.88372
3.88864
3.89236
3.89507
3.89689
3.89791
3.89824
3.89794
3.89708
3.92482
3.94138
3.95369
3.96327
3.97082
3.97678
3.98144
3.98499
3.98759
3.98936
3.99041
3.9908
3.9906
4.01653
4.03202
4.03117
4.0427
4.05168
4.05879
4.06442
4.06883
4.07221
4.07471
4.07644
4.07748
4.07791
4.10225
4.11682
4.12768
4.13615
4.14286
4.14817
4.15233
4.15553
4.15788
4.15951
4.16049
4.16089
4.16077
4.16018
4.15916
4.15774
4.15597
4.15386
4.17645
4.19006
4.20027
4.20828
4.21466
4.21975
4.22378
4.22692
4.22929
4.23098
4.23207
4.23262
4.23268
4.23231
4.23153
4.23039
4.22891
4.25004
4.24819
4.26096
4.27058
4.27816
4.28423
4.28912
4.29301
4.29608
4.29843
4.30015
4.3013
4.32143
4.33361
-0
-0
-0
-0
-0
-0
-0
-0
-0
-0
-0
-0
-0
-0
-0
-0
-0
0.309543
0.590724
0.847585
0.988181
1.08481
1.2087
1.27301
1.32
1.50442
1.60316
1.66981
1.71672
1.74034
1.80092
1.88276
1.93814
1.90869
1.87985
1.85164
1.8241
1.86626
1.89789
1.93798
1.9681
1.94383
1.91996
1.89652
1.87351
1.85094
1.82882
1.80715
1.78592
1.76514
1.7448
1.72488
1.70539
1.68632
1.66765
1.64938
1.74787
1.80891
1.8555
1.89278
1.87371
1.8997
1.9214
1.93954
1.92174
1.90424
1.88704
1.87012
1.8535
1.83716
1.82109
1.8053
1.78978
1.77452
1.75952
1.74477
1.73026
1.716
1.70198
1.68819
1.67462
1.66128
1.64816
1.63524
1.62254
1.61004
1.63002
1.6479
1.66395
1.67835
1.6913
1.70293
1.71337
1.73864
1.76101
1.78091
1.79869
1.81462
1.82892
1.84177
1.85331
1.86368
1.87298
1.88131
1.88876
1.89539
1.9154
1.94008
1.99755
2.0541
2.10974
2.16451
2.21842
2.27149
2.30637
2.35799
2.40883
2.45892
2.50827
2.5569
2.60482
2.65206
2.69862
2.74453
2.77379
2.81856
2.84696
2.89063
2.91821
2.96084
2.98763
3.02925
3.05529
3.09595
3.12127
3.161
3.18563
3.22447
3.26283
3.30072
3.33814
3.37511
3.41163
3.44771
3.48336
3.5049
3.53981
3.57432
3.59501
3.61046
3.64401
3.66402
3.6789
3.69046
3.69959
3.73179
3.7509
3.76506
3.776
3.7846
3.79133
3.79655
3.80049
3.80333
3.80521
3.81189
3.81709
3.81816
3.81848
3.82249
3.82544
3.82747
3.82869
3.82919
3.82904
3.82832
3.82706
3.82532
3.82314
3.82056
3.81761
3.81432
3.81072
3.80682
3.80265
3.79823
3.79358
3.78871
3.78364
3.77838
3.77295
3.76736
3.76161
3.75572
3.76621
3.77477
3.78181
3.78759
3.79231
3.79612
3.79912
3.80142
3.80308
3.8193
3.83171
3.84166
3.84978
3.85646
3.88177
3.89735
3.90924
3.91873
3.92646
3.93279
3.95723
3.9623
3.97722
3.98858
3.99762
4.00495
4.01612
4.02501
4.03221
4.03807
4.04285
4.05708
4.06789
4.07648
4.09047
4.10108
4.1095
4.1163
4.12182
4.1263
4.12988
4.13658
4.14203
4.14645
4.14999
4.15277
4.15488
4.15641
4.1574
4.15792
4.15801
4.1577
4.15703
4.15602
4.15962
4.16248
4.16471
4.16637
4.16752
4.16821
4.16848
4.16836
-0
-0
-0
0.811278
0.970951
1
0.985228
0.954434
0.918296
0.881291
1.24067
1.38443
1.45727
1.49261
1.50582
1.50524
1.73945
1.72227
1.70022
1.80161
1.86083
1.89551
1.91417
1.92179
1.92154
1.91558
1.90542
1.89215
1.8766
1.85936
1.8409
1.82158
1.96229
2.03719
2.01472
2.06535
2.10108
2.12637
2.1055
2.12402
2.13663
2.11744
2.09797
2.07833
2.0586
2.03885
2.01916
1.99955
1.98008
1.96077
1.94165
1.92275
1.90408
1.88564
1.86746
1.84953
1.83187
1.81448
1.79736
1.78051
1.76393
1.74762
1.73158
1.7158
1.70029
1.68504
1.67004
1.6553
1.6408
1.62655
1.61254
1.59876
1.58522
1.5719
1.55881
1.54593
1.53327
1.5545
1.5734
1.59025
1.60528
1.61869
1.63066
1.61921
1.60792
1.59678
1.58579
1.57494
1.58657
1.59705
1.60648
1.61496
1.62257
1.62936
1.63542
1.64079
1.64554
1.64969
1.65331
1.65642
1.65906
1.66126
1.65323
1.64525
1.63732
1.62944
1.62162
1.61385
1.60613
1.59847
1.59087
1.58332
1.57583
1.5684
1.56102
1.55371
1.54645
1.53924
1.54359
1.54754
1.55113
1.55438
1.55731
1.55993
1.56226
1.56432
1.56613
1.56769
1.56901
1.57012
1.57102
1.57172
1.57224
1.57258
1.57275
1.57277
1.57263
1.57234
1.56761
1.5673
1.56685
1.56629
1.5656
1.5613
1.56061
1.5598
1.5557
1.55159
1.54747
1.54335
1.53923
1.5351
1.53098
1.52685
1.52273
1.51861
1.51449
1.53271
1.54962
1.56538
1.56119
1.55701
1.55284
1.54867
1.54451
1.54036
1.53621
1.53207
1.52795
1.52859
1.52912
1.52514
1.52563
1.52602
1.52631
1.5265
1.52661
1.52662
1.52305
1.51948
1.51591
1.51235
1.51253
1.50903
1.50553
1.50204
1.49855
1.49507
1.49159
1.48811
1.48464
1.48118
1.5203
1.54875
1.5872
1.62529
1.65288
1.67642
1.7136
1.72628
1.73821
1.73396
1.72972
1.7255
1.72129
1.71709
1.7129
1.70873
1.70457
1.70043
1.6963
1.69218
1.68808
1.68399
1.69524
1.70589
1.71601
1.72562
1.73476
1.74346
1.75175
1.75965
1.77864
1.79968
1.81839
1.83534
1.8509
1.86761
1.89124
1.89817
1.90477
1.91106
1.91705
1.92275
1.94249
1.96001
1.97587
1.9904
1.99557
2.00049
2.00517
2.00963
2.01386
2.01789
2.02172
2.02536
2.02882
2.0321
2.03522
2.03817
2.04096
2.04361
2.04611
2.04847
2.04458
2.04683
-0
-0
-0
-0
-0
-0
-0
-0
-0
-0
-0
-0
0.391244
0.591673
0.721928
0.811278
0.873981
0.918296
0.949452
0.970951
0.985228
1.20721
1.32578
1.40564
1.4619
1.50204
1.53049
1.5502
1.56319
1.57095
1.57458
1.57492
1.57262
1.56821
1.56209
1.55459
1.54597
1.53646
1.52623
1.51544
1.5042
1.49261
1.48077
1.60361
1.67727
1.73201
1.77467
1.80859
1.83581
1.8577
1.87524
1.88918
1.90008
1.9084
1.91452
2.00957
2.06665
2.10917
2.14237
2.1688
2.18999
2.20698
2.22052
2.23117
2.23936
2.24546
2.24974
2.25244
2.25376
2.25386
2.2529
2.251
2.24826
2.24477
2.24063
2.23589
2.23064
2.22492
2.21878
2.21227
2.20544
2.19831
2.19092
2.1833
2.24989
2.29188
2.28337
2.2747
2.26589
2.25695
2.24791
2.23877
2.22955
2.22027
2.21094
2.20156
2.2333
2.25954
2.25003
2.2405
2.23095
2.22139
2.24364
2.26279
2.27942
2.29391
2.30656
2.31762
2.32728
2.33568
2.34297
2.34925
2.35462
2.35916
2.36295
2.36605
2.36852
2.37041
2.37176
2.37262
2.37302
2.373
2.37258
2.3718
2.37069
2.36925
2.36753
2.36553
2.36328
2.36079
2.35808
2.35516
2.35205
2.34876
2.3453
2.34168
2.33792
2.33401
2.32998
2.32584
2.32157
2.31721
2.31275
2.30819
2.30356
2.29884
2.29405
2.2892
2.28428
2.2793
2.27427
2.26918
2.26405
2.25888
2.25367
2.24843
2.24315
2.23784
2.2325
2.22714
2.22176
2.21636
2.21094
2.20551
2.20006
2.1946
2.18913
2.18366
2.17817
2.17269
2.16719
2.1617
2.15621
2.15071
2.14522
2.13973
2.13425
2.12877
2.1233
2.11783
2.11237
2.10692
2.10147
2.09604
2.09062
2.08521
2.07981
2.07442
2.06904
2.06368
2.05833
2.053
2.04768
2.04238
2.03709
2.03182
2.02656
2.02132
2.0161
2.01089
2.0057
2.00053
1.99538
1.99024
1.98513
1.98003
1.97495
1.96989
1.96484
1.95982
1.95482
1.94983
1.94487
1.93992
1.93499
1.93009
1.9252
1.92033
1.91548
1.91065
1.90585
1.90106
1.89629
1.89154
1.88681
1.8821
1.87741
1.87274
1.8681
1.86347
1.85886
1.85427
1.8497
1.84515
1.84062
1.83611
1.83162
1.82715
1.85859
1.88145
1.90102
1.91843
1.93422
1.94871
1.96212
1.97461
1.98629
1.99724
2.00756
2.01729
2.02648
2.03519
2.04344
2.05126
2.0587
2.06577
-0
-0
-0
-0
-0
-0
-0
-0
0.503258
0.721928
0.845351
0.918296
0.961237
0.985228
0.996792
1
0.997503
0.991076
0.981941
0.970951
0.958712
0.94566
0.932112
1.14316
1.25972
1.34051
1.39921
1.4426
1.42317
1.45656
1.48157
1.5
1.5132
1.52219
1.66587
1.74717
1.80475
1.84742
1.87953
1.9037
1.92168
1.93472
1.94374
1.94618
1.95245
2.0611
2.12325
2.22511
2.28261
2.3784
2.43178
2.52211
2.57183
2.60622
2.63094
2.71319
2.72969
2.7738
2.80404
2.82551
2.8407
2.85109
2.92343
2.96262
2.98933
3.00814
3.02128
3.08743
3.12299
3.14704
3.1638
3.22545
3.25829
3.28031
3.29546
3.30567
3.31209
3.31548
3.31641
3.31529
3.31243
3.30809
3.30249
3.2958
3.28816
3.27969
3.27051
3.26069
3.31294
3.34198
3.36226
3.37694
3.38756
3.39503
3.39996
3.40279
3.40385
3.3944
3.3942
3.38454
3.3833
3.38093
3.37758
3.37337
3.36838
3.36271
3.35642
3.3496
3.39414
3.4198
3.43832
3.45225
3.44475
