-0
1
1.58496
1.5
1.37095
1.25163
1.14883
1.06128
0.986427
0.921928
0.865857
0.816689
0.773228
0.73453
0.699843
0.668564
0.640206
0.614369
0.879506
1.02193
1.11828
1.1867
1.23619
1.27206
1.2978
1.31582
1.32788
1.33524
1.33889
1.33957
1.33788
1.33428
1.32914
1.32276
1.31537
1.30718
1.29836
1.28902
1.27928
1.26924
1.25897
1.24853
1.23798
1.22735
1.35382
1.43201
1.49148
1.53889
1.57755
1.60943
1.6359
1.65791
1.67621
1.69136
1.70381
1.71394
1.81129
1.81803
1.82308
1.82664
1.82891
1.88627
1.9302
1.96545
1.99435
2.01832
2.03828
2.05494
2.0688
2.08027
2.08967
2.09727
2.10329
2.10791
2.11129
2.11357
2.11486
2.11527
2.11489
2.1138
2.11207
2.10976
2.10693
2.10362
2.09989
2.09577
2.0913
2.08651
2.08143
2.0761
2.07053
2.13452
2.17581
2.20835
2.23521
2.25787
2.27722
2.29386
2.30823
2.32065
2.37781
2.41438
2.44305
2.46659
2.48634
2.5031
2.51743
2.52969
2.5402
2.54918
2.55681
2.56324
2.56862
2.57303
2.57658
2.62588
2.65734
2.68197
2.70218
2.71911
2.73346
2.74569
2.75614
2.76505
2.77264
2.77904
2.7844
2.78883
2.79241
2.79523
2.79736
2.79886
2.79977
2.80016
2.80005
2.7995
2.84137
2.86821
2.88932
2.90669
2.92131
2.93374
2.94439
2.95352
2.96134
2.96803
2.97371
2.97849
2.98247
2.98571
2.9883
2.99028
3.02757
3.0288
3.02953
3.0298
3.05339
3.07196
3.08726
3.10016
3.11115
3.12056
3.12865
3.13558
3.14152
3.14656
3.15081
3.15435
3.15723
3.19071
3.21214
3.22899
3.24286
3.25452
3.26443
3.27291
3.28017
3.28638
3.29166
3.29613
3.29987
3.30295
3.30543
3.30737
3.30881
3.33929
3.35879
3.3741
3.38671
3.3973
3.4063
3.41398
3.42056
3.42617
3.43094
3.43496
3.43832
3.44106
3.44326
3.44496
3.44619
3.44701
3.44743
3.44749
3.44721
3.44662
3.44574
3.44458
3.44317
3.44152
3.43964
3.43755
3.43526
3.43279
3.45955
3.47684
3.47407
3.47114
3.48478
3.4961
3.5057
3.51394
3.52104
3.52719
3.53251
3.5371
3.54104
3.5444
3.54723
3.54958
3.55149
3.57626
3.59226
3.60492
3.61541
3.6243
3.63191
3.63847
3.64413
3.64902
3.65322
3.65682
3.65988
3.66244
3.66454
3.66624
3.66756
3.66852
3.66916
3.6695
3.66956
3.66935
3.66889
3.66821
3.6673
3.68985
-0
-0
-0
-0
-0
-0
-0
-0
-0
-0
-0
-0
-0
0.371232
0.56651
0.543564
0.522559
0.503258
0.774243
0.921928
1.02304
1.0958
1.14923
1.18872
1.2178
1.2389
1.2538
1.26381
1.26992
1.27291
1.27337
1.27178
1.26853
1.26393
1.25823
1.25163
1.2443
1.23639
1.228
1.21924
1.21019
1.20091
1.19146
1.1819
1.17225
1.29787
1.37625
1.43628
1.48447
1.52402
1.5569
1.58441
1.60751
1.6269
1.64316
1.65672
1.66795
1.67716
1.68459
1.69047
1.73827
1.77701
1.78074
1.81263
1.83942
1.86207
1.88128
1.89759
1.9114
1.92306
1.93282
1.94093
1.94757
1.95289
1.95706
1.96018
1.96236
1.9637
1.96428
2.03667
2.08281
2.11883
2.14829
2.17291
2.19374
2.21147
2.22662
2.23955
2.25057
2.25992
2.26779
2.27436
2.27977
2.28412
2.28753
2.29009
2.29188
2.29296
2.29341
2.29326
2.29259
2.29142
2.28981
2.34602
2.34361
2.34083
2.33771
2.33427
2.36978
2.39789
2.4212
2.44096
2.45791
2.47256
2.48526
2.49629
2.50587
2.51417
2.52132
2.52746
2.53267
2.53705
2.54067
2.5436
2.5459
2.54762
2.5488
2.5948
2.62468
2.64837
2.66804
2.68474
2.69908
2.71149
2.72226
2.73162
2.73975
2.74679
2.75286
2.75806
2.76247
2.76617
2.76921
2.77165
2.77354
2.77492
2.77584
2.77632
2.7764
2.77611
2.77546
2.7745
2.77323
2.77168
2.76986
2.7678
2.7655
2.76299
2.76027
2.75737
2.79471
2.81929
2.81598
2.83564
2.85215
2.86631
2.87862
2.8894
2.89887
2.90723
2.91459
2.92108
2.92678
2.93177
2.93612
2.93987
2.94309
2.94581
2.94808
2.94991
2.95135
2.95242
2.95315
2.95356
2.95366
2.95349
2.95304
2.95235
2.95142
2.95028
2.94892
2.98056
3.00155
3.01847
3.03274
3.04504
3.05578
3.06523
3.07358
3.08098
3.08755
3.09336
3.09851
3.10306
3.10705
3.11054
3.11356
3.11615
3.11834
3.12017
3.12165
3.12281
3.12366
3.12424
3.12454
3.1246
3.12442
3.12402
3.12341
3.15113
3.16957
3.18448
3.19708
3.20798
3.21751
3.22592
3.23337
3.23999
3.24588
3.25112
3.25577
3.25989
3.26352
3.26671
3.26949
3.27189
3.27393
3.27565
3.27706
3.27818
3.27903
3.27963
3.28
3.28013
3.28005
3.27978
3.27931
3.27866
3.27784
3.27686
3.27572
3.27444
3.27301
3.27146
3.26977
3.29387
-0
-0
0.918296
1
0.970951
0.918296
0.863121
0.811278
0.764205
0.721928
0.684038
0.650022
0.619382
0.591673
0.56651
0.543564
0.522559
0.503258
0.485461
0.468996
0.453716
0.439497
0.426229
0.413817
0.402179
0.621904
0.605291
0.589626
0.716726
0.699843
0.68381
0.668564
0.760733
0.834347
0.894552
0.878506
0.863065
0.848198
0.833873
0.820062
0.806738
0.856996
0.844063
0.887241
0.874769
0.912316
0.900338
0.933315
0.921841
0.951046
0.940073
0.929355
0.95564
0.94538
0.93534
0.925513
0.949575
0.940144
0.961953
0.952906
0.972764
0.964086
0.982245
0.99869
1.01359
1.02708
1.03931
1.05037
1.04325
1.05351
1.04669
1.05623
1.04971
1.04323
1.05236
1.04614
1.03997
1.03384
1.04278
1.03689
1.03104
1.03961
1.03398
1.02838
1.03661
1.03121
1.02585
1.02051
1.01521
1.06139
1.0692
1.10881
1.14382
1.17516
1.18153
1.25277
1.30207
1.30689
1.34733
1.41465
1.46097
1.46413
1.52877
1.5923
1.59406
1.65604
1.69829
1.69896
1.75865
1.81736
1.8169
1.87428
1.93076
1.92926
1.9845
2.02166
2.01939
2.07277
2.12537
2.12225
2.17376
2.20814
2.25831
2.25428
2.30347
2.33609
2.33151
2.37921
2.42626
2.42106
2.46724
2.5128
2.50704
2.53686
2.58114
2.57497
2.60388
2.64694
2.6404
2.68273
2.71035
2.75174
2.7447
2.78542
2.81185
2.80452
2.8442
2.88341
2.90873
2.901
2.93925
2.96389
2.95593
2.99326
3.01726
3.00909
3.04554
3.06894
3.06057
3.09619
3.119
3.11046
3.14529
3.17974
3.17097
3.19292
3.22662
3.25998
3.25098
3.27214
3.30479
3.29567
3.32791
3.34833
3.3391
3.37068
3.40196
3.39257
3.42346
3.44294
3.43347
3.44862
3.47871
3.46918
3.49891
3.51762
3.50802
3.5372
3.56611
3.5564
3.57451
3.58854
3.57885
3.607
3.62464
3.6149
3.64254
3.63277
3.66012
3.67723
3.69046
3.68066
3.70738
3.73387
3.72412
3.75034
3.76668
3.75689
3.78268
3.79873
3.78892
3.81429
3.83006
3.82024
3.8452
3.86071
3.85086
3.8628
3.88723
3.87739
3.9016
3.91661
3.92191
3.93339
3.95703
3.96125
3.98462
3.99904
4.00232
4.01331
4.02211
4.02463
4.04729
4.06123
4.06302
4.08531
4.09899
4.10735
4.11772
4.12599
4.14768
4.15429
4.1675
4.18883
4.19408
4.20704
4.21687
4.22104
4.24184
4.25449
4.25771
4.26726
4.28763
4.3
4.30933
4.31861
-0
-0
-0
-0
-0
-0
0.591673
0.811278
0.918296
0.970951
1.32218
1.45915
1.52623
1.55666
1.5656
1.80504
1.90397
1.95469
2.14928
2.22821
2.26712
2.28333
2.28513
2.27729
2.42849
2.49336
2.62955
2.68649
2.71526
2.72742
2.72859
2.72207
2.70998
2.69381
2.80402
2.8537
2.88137
2.89571
2.90095
2.89958
2.89327
2.88317
2.87014
2.85481
2.83768
2.81914
2.79949
2.77898
2.75782
2.73617
2.71417
2.79908
2.84356
2.87293
2.8928
2.90592
2.91393
2.91794
2.91873
2.91689
2.98975
3.02839
3.05418
3.07187
3.08375
3.09121
3.09517
3.16023
3.19473
3.21776
3.23353
3.24407
3.25063
3.254
3.2548
3.25344
3.25028
3.24559
3.23959
3.23246
3.22436
3.28006
3.31052
3.33149
3.34639
3.35691
3.36404
3.36845
3.37062
3.37092
3.42116
3.44874
3.46777
3.48135
3.49097
3.49753
3.50161
3.50365
3.50397
3.50282
3.50041
3.54558
3.59002
3.6145
3.63865
3.65535
3.67186
3.68366
3.72513
3.73316
3.75566
3.7609
3.80069
3.82234
3.86112
3.89934
3.91992
3.94025
3.954
3.96762
3.97707
4.01305
4.01921
4.03833
4.05121
4.05488
4.0893
4.12327
4.14129
4.15912
4.171
4.18279
4.21519
4.22298
4.23995
4.2512
4.25612
4.28721
4.31792
4.33399
4.3499
4.37974
4.38997
4.40537
4.41204
4.42204
4.42616
4.43276
4.43688
4.46508
4.46714
4.48174
4.48221
4.49174
4.49092
4.49725
4.49538
4.49941
4.52615
4.54012
4.56638
4.57538
4.58894
4.586
4.59487
4.60073
4.60658
4.61024
4.6139
4.63881
4.64066
4.65359
4.66206
4.68631
4.69179
4.70432
4.70767
4.71582
4.73932
4.74458
4.7567
4.77972
4.78748
4.79253
4.80431
4.80734
4.81495
4.81643
4.83857
4.83872
4.85012
4.84921
4.84741
4.86902
4.89044
4.90148
4.91244
4.91952
4.92656
4.94734
4.95181
4.96243
4.96505
4.98538
4.98651
4.9865
4.99687
4.99588
5.00256
5.00076
5.02047
5.04003
5.05005
5.06001
5.06639
5.07275
5.07682
5.09577
5.09809
5.11683
5.11778
5.13632
5.13615
5.14557
5.1445
5.14267
5.16084
5.1583
5.16756
5.16444
5.17038
5.18817
5.19191
5.20096
5.20675
5.22419
5.22781
5.24507
5.2471
5.25585
5.25666
5.26223
5.26207
5.2656
5.26211
5.25819
5.27491
5.27398
5.28252
5.2809
5.28638
5.28416
5.28769
5.28496
5.30123
5.298
-0
-0
-0
-0
-0
-0
-0
-0
-0
-0
0.439497
0.650022
0.77935
0.749595
0.721928
0.696212
0.672295
0.650022
0.629249
0.721928
0.791858
0.773227
0.755375
0.738285
0.721928
0.706274
0.69129
0.749595
0.735509
0.721928
0.770629
0.811278
0.845351
0.873981
0.898059
1.05623
1.15289
1.22562
1.28302
1.32937
1.46237
1.54226
1.60167
1.64801
1.68492
1.7146
1.73855
1.75783
1.77324
1.78542
1.79485
1.80194
1.80701
1.81034
1.81216
1.81267
1.90828
1.96656
1.96418
1.96087
1.95675
1.99987
2.03421
2.06214
2.08509
2.10402
2.11962
2.13243
2.14284
2.15119
2.15774
2.16272
2.16632
2.16869
2.24193
2.28718
2.3217
2.34929
2.3718
2.39035
2.45681
2.49748
2.52828
2.55272
2.5725
2.58864
2.60182
2.61254
2.62118
2.62801
2.63329
2.63719
2.63989
2.64151
2.64218
2.64198
2.64101
2.69621
2.73023
2.75618
2.77689
2.82916
2.8455
2.87714
2.90113
2.92016
2.93556
2.9481
2.95833
2.96661
2.97323
2.97841
2.98233
2.98515
2.98698
2.98793
2.98809
2.98753
2.98633
2.98455
3.02893
3.0563
3.07718
3.09386
3.10746
3.11862
3.1278
3.1353
3.14138
3.18229
3.20739
3.22647
3.24167
3.254
3.29296
3.31672
3.33471
3.37247
3.39538
3.41264
3.42625
3.43718
3.44599
3.48183
3.50346
3.51969
3.53243
3.5426
3.57692
3.59752
3.61291
3.62494
3.63448
3.64208
3.64808
3.68062
3.70006
3.70445
3.7077
3.72206
3.73325
3.74211
3.74913
3.75465
3.7589
3.76207
3.76428
3.76566
3.7663
3.76627
3.76565
3.76448
3.76281
3.7607
3.75817
3.75526
3.752
3.74842
3.74453
3.74038
3.73596
3.73131
3.72644
3.72136
3.74973
3.76708
3.76171
3.75616
3.76933
3.77983
3.78834
3.7953
3.80097
3.80555
3.8092
3.83596
3.85233
3.86476
3.87464
3.88263
3.88914
3.89442
3.89866
3.92422
3.9398
3.9516
3.96095
3.9685
3.97461
3.97955
3.98349
3.98658
3.98892
3.99059
3.99166
3.9922
3.99225
3.99186
3.99503
3.99746
3.99671
3.99558
3.99412
3.99233
3.99423
3.99556
3.99637
3.99671
3.99663
4.00267
4.0022
4.00717
4.00636
4.01044
4.00931
4.01263
4.01121
4.01387
4.03616
4.03814
4.05189
4.0533
4.07516
4.07602
4.08949
4.08987
4.10017
4.09873
4.12002
4.11825
4.13137
4.12933
4.15025
4.14792
4.16081
4.15825
-0
-0
-0
-0
0.721928
0.918296
0.985228
1
0.991076
0.970951
0.94566
0.918296
0.890492
0.863121
0.836641
0.811278
0.787127
0.764205
0.742488
0.721928
0.702467
0.684038
0.666578
0.650022
0.866314
0.991264
1.08106
1.26473
1.32562
1.42561
1.46877
1.62349
1.65202
1.73604
1.75528
1.76885
1.82585
1.95336
1.99211
2.06096
2.10893
2.1351
2.16933
2.19448
2.29946
2.31578
2.32694
2.38289
2.38924
2.42779
2.43061
2.43078
2.45872
2.54623
2.56541
2.61312
2.60988
2.6233
2.65609
2.68003
2.75677
2.77321
2.78488
2.82623
2.89742
2.93649
2.96346
2.98273
3.00887
3.07391
3.10923
3.12657
3.15042
3.16234
3.17907
3.19081
3.24937
3.30667
3.33744
3.36767
3.38805
3.40815
3.42208
3.47451
3.48773
3.51533
3.52397
3.54233
3.54758
3.56018
3.56867
3.61639
3.62131
3.6465
3.69238
3.71663
3.73275
3.74869
3.75951
3.77025
3.81306
3.85517
3.87718
3.8989
3.91315
3.92263
3.93665
3.97604
3.98506
4.00536
4.0109
4.0241
4.03283
4.07
4.07523
4.09436
4.09703
4.13281
4.14495
4.16327
4.1711
4.18291
4.18768
4.19541
4.22907
4.23133
4.24861
4.25086
4.26204
4.26247
4.26982
4.27439
4.27341
4.27587
4.27658
4.27452
4.27139
4.27085
4.2691
4.26526
4.29584
4.31198
4.30722
4.31796
4.34761
4.3547
4.37023
4.37473
4.3773
4.38753
4.3885
4.39543
4.39511
4.42309
4.42749
4.44221
4.44469
4.45446
4.45543
4.46205
4.46638
4.46616
4.46874
4.49512
4.49379
4.50776
4.5336
4.54278
4.55637
4.56252
4.56652
4.5755
4.60034
4.60629
4.61934
4.62314
4.63177
4.6376
4.63975
4.64354
4.64438
4.64659
4.67013
4.69346
4.70577
4.71798
4.72607
4.73412
4.73952
4.743
4.74838
4.75033
4.75381
4.75455
4.75656
4.7563
4.75713
4.7789
4.79044
4.79016
4.79785
4.79671
4.80195
4.80008
4.80354
4.82452
4.82649
4.82732
4.83841
4.83825
4.85874
4.87906
4.88984
4.90054
4.90767
4.91476
4.91956
4.92434
4.92745
4.93055
4.93235
4.95172
4.95238
4.95214
4.96237
4.98138
4.98812
4.99814
5.01683
5.02341
5.03323
5.03763
5.04044
5.04692
5.05127
5.05284
5.05177
5.0546
5.05291
5.05455
5.05233
5.05301
5.05031
5.0502
5.04709
5.04359
5.04284
5.04148
5.03769
5.03358
5.03176
5.02739
5.02513
5.02053
5.0179
5.01309
-0
-0
-0
0.811278
0.970951
1
0.985228
0.954434
0.918296
0.881291
0.845351
0.811278
1.14012
1.28705
1.37095
1.41974
1.44665
1.67582
1.77983
1.83949
1.87356
1.89109
1.89732
1.89557
2.06204
2.141
2.18821
2.21645
2.23195
2.23839
2.23817
2.23296
2.3612
2.42436
2.46356
2.48811
2.50256
2.50964
2.61732
2.67055
2.77084
2.8016
2.84929
2.86727
2.89608
2.91367
2.92342
2.93341
2.93768
2.94236
2.94269
2.94355
2.941
2.93905
3.01672
3.0112
3.05071
3.04291
3.06859
3.05916
3.04829
3.0659
3.05409
3.06609
3.05363
3.12064
3.10686
3.14234
3.12788
3.15186
3.13698
3.15393
3.13882
3.1233
3.13569
3.12013
3.12895
3.11344
3.11954
3.10413
3.10809
3.09284
3.09509
3.08002
3.08088
3.06603
3.05104
3.05114
3.0364
3.03556
3.02109
3.01947
3.00527
3.05829
3.04378
3.07478
3.06022
3.08302
3.06849
3.08615
3.07172
3.05729
3.07141
3.05712
3.06848
3.05436
3.10224
3.08794
3.11653
3.10226
3.12364
3.10945
3.12628
3.11221
3.09819
3.11186
3.098
3.10919
3.0955
3.10471
3.0912
3.09881
3.08549
3.09175
3.07864
3.08376
3.07085
3.11277
3.09977
3.08683
3.11266
3.09976
3.11959
3.10677
3.12279
3.11009
3.12335
3.11078
3.1219
3.10947
3.11888
3.10661
3.0944
3.08225
3.09043
3.07844
3.06651
3.07361
3.06184
3.06794
3.05633
3.04478
3.08171
3.07011
3.05858
3.08208
3.07059
3.05917
3.07764
3.06629
3.05501
3.04379
3.05911
3.04799
3.061
3.04998
3.03902
3.05027
3.03943
3.02864
3.0385
3.02782
3.01721
3.02592
3.01543
3.02312
3.01275
3.00244
2.99218
3.02517
3.0149
3.00468
3.02626
3.01608
3.00596
3.02326
3.0132
3.02775
3.01776
3.00783
3.02039
3.01055
3.00076
3.01178
3.00208
2.99243
2.98284
2.99265
2.98315
2.99191
2.9825
2.97314
2.98103
2.97177
2.96256
2.96971
2.96059
2.95153
2.95804
2.94907
2.94015
2.94609
2.93727
2.92849
2.93394
2.92526
2.91662
2.92164
2.91309
2.9046
2.90922
2.90082
2.90504
2.89673
2.88846
2.89237
2.88419
2.87605
2.86796
2.85991
2.86363
2.85566
2.84774
2.87535
2.86741
2.85951
2.87837
2.87049
2.86265
2.85485
2.87038
2.86262
2.85489
2.86829
2.86061
2.85296
2.86481
2.85721
2.84964
2.84212
2.85275
2.84528
2.83784
2.83044
2.84009
2.83274
-0
-0
0.918296
0.811278
0.721928
0.650022
0.591673
0.543564
0.764205
0.881291
0.94566
0.979869
0.995727
1
0.996792
0.988699
0.977418
0.964079
0.949452
0.934068
0.918296
0.902393
1.12118
1.24101
1.32347
1.38295
1.42657
1.45862
1.4819
1.4984
1.50955
1.51643
1.51989
1.52057
1.51898
1.51554
1.51058
1.50438
1.49715
1.48909
1.48035
1.47105
1.4613
1.4512
1.44081
1.56059
1.63338
1.68805
1.7311
1.76573
1.79387
1.81682
1.83553
1.8507
1.86289
1.87252
1.87997
1.88552
1.88943
1.89189
1.89309
1.89317
1.89227
1.89051
1.88798
1.88477
1.88095
1.8766
1.87177
1.86652
1.8609
1.85494
1.93395
1.98407
2.02304
2.05479
2.08122
2.1035
2.12239
2.13844
2.1521
2.16367
2.23169
2.27448
2.30759
2.33443
2.34257
2.34922
2.35456
2.37636
2.39467
2.41013
2.4232
2.43423
2.4435
2.45123
2.4576
2.46277
2.46686
2.46998
2.47223
2.47369
2.47443
2.47453
2.47403
2.47299
2.5263
2.56023
2.58673
2.60842
2.62655
2.64188
2.65492
2.66602
2.67547
2.72391
2.75453
2.77834
2.79774
2.81387
2.82744
2.8389
2.84859
2.85676
2.86361
2.86929
2.87394
2.87767
2.88057
2.88271
2.88417
2.88501
2.88527
2.88502
2.88429
2.88312
2.88154
2.88492
2.88759
2.8837
2.87957
2.87753
2.87518
2.87252
2.86958
2.87206
2.87395
2.87532
2.87619
2.8766
2.8766
2.87621
2.87546
2.87289
2.87189
2.86917
2.86623
2.86308
2.86617
2.86871
2.86891
2.87643
2.88304
2.8829
2.88245
2.88169
2.88064
2.87933
2.87777
2.87597
2.87395
2.87173
2.86931
2.86671
2.86393
2.86099
2.8579
2.85467
2.85129
2.84779
2.84417
2.84043
2.83659
2.83264
2.8286
2.82446
2.82024
2.81594
2.81156
2.80711
2.8026
2.79801
2.79337
2.78868
2.78392
2.77912
2.77427
2.76938
2.76445
2.75948
2.75447
2.74942
2.74435
2.73924
2.73411
2.72896
2.72378
2.71857
2.71335
2.70811
2.71516
2.70992
2.70467
2.69941
2.69413
2.68884
2.68354
2.67824
2.68486
2.69094
2.69653
2.70167
2.70639
2.70909
2.71153
2.71585
2.7198
2.74854
2.74902
2.74933
2.74948
2.7777
2.77759
2.77734
2.77694
2.7962
2.79707
2.79651
2.81236
2.81303
2.81353
2.82717
2.82746
2.8276
2.82759
2.84611
2.85499
2.86309
2.87828
2.90439
2.92235
2.94812
2.96088
2.98635
3.01163
3.02264
-0
1
1.58496
2
2.32193
2.58496
2.52164
2.75
2.9477
2.92193
3.0958
3.08496
3.2389
3.37878
3.50689
3.625
3.61687
3.72548
3.72161
3.82193
3.91613
3.91398
4.00182
4.08496
4.16386
4.16198
4.23637
4.30735
4.37522
4.44022
4.43807
4.5
4.55955
4.61687
4.67214
4.72548
4.77702
4.77424
4.82386
4.87193
4.86975
4.91613
4.96115
5.00489
5.00296
5.00182
4.98534
4.95996
4.9288
4.89366
4.93694
4.89945
4.86
4.85202
4.83591
4.84307
4.83719
4.81721
4.80451
4.78657
4.76485
4.7442
4.72075
4.69839
4.67388
4.65045
4.62535
4.59894
4.57594
4.55159
4.52618
4.49994
4.47304
4.44564
4.42813
4.40922
4.38918
4.3682
4.34646
4.32411
4.30126
4.27801
4.25669
4.23495
4.2774
4.25526
4.23383
4.27542
4.29379
4.31193
4.32985
4.33935
4.34881
4.35823
4.36246
4.36676
4.36736
4.36514
4.36605
4.34747
4.3286
4.30949
4.30864
4.29896
4.28835
4.27692
4.27467
4.28542
4.2916
4.28776
4.30526
4.29999
4.3173
4.3278
4.33397
4.32768
4.33084
4.36464
4.38116
4.3739
4.38404
4.39009
4.39317
4.39396
4.38631
4.3854
4.38298
4.37926
4.37445
4.36675
4.36117
4.35477
4.36517
4.35726
4.36765
4.37435
4.37838
4.37017
4.37223
4.37261
4.37683
4.37585
4.36764
4.37
4.37073
4.3701
4.3618
4.36016
4.35752
4.34758
4.33738
4.36599
4.35787
4.34939
4.3406
4.35587
4.34681
4.33706
4.33214
4.32669
4.33717
4.33127
4.32494
4.31823
4.31116
4.31874
4.30979
4.31205
4.31311
4.31855
4.32611
4.33151
4.33522
4.33532
4.33905
4.33161
4.32393
4.31603
4.31862
4.31059
4.3027
4.30244
4.30144
4.30314
4.30598
4.3044
4.30224
4.29466
4.2956
4.28793
4.2801
4.27212
4.2651
4.2579
4.2584
4.2506
4.24266
4.23461
4.22766
4.22777
4.21979
4.21172
4.21136
4.2099
4.20799
4.20567
4.2049
4.19713
4.18927
4.18132
4.17518
4.17421
4.16799
4.16163
4.15515
4.14759
4.14645
4.13889
4.13126
4.12356
4.11581
4.11455
4.10681
4.09902
4.09118
4.08977
4.08195
4.0741
4.0662
4.06467
4.06354
4.06209
4.06032
4.05828
4.0566
4.06049
4.06361
4.06605
4.06385
4.06199
4.05959
4.05697
4.05413
4.04705
4.04513
4.03808
4.03099
4.02387
4.02189
4.0148
4.00768
4.00053
3.9985
3.99139
3.98425
3.97709
-0
-0
-0
-0
-0
-0
-0
-0
-0
-0
-0
-0
-0
-0
-0
-0
-0
-0
-0
-0
-0
-0
-0
-0
-0
-0
-0
-0
-0
-0
-0
-0
-0
-0
-0
-0
-0
-0
-0
-0
-0
-0
-0
-0
-0
-0
-0
-0
-0
-0
-0
-0
-0
-0
-0
-0
-0
-0
-0
-0
-0
-0
-0
-0
-0
-0
-0
-0
-0
-0
-0
-0
-0
-0
-0
-0
-0
-0
-0
-0
-0
-0
-0
-0
-0
-0
-0
-0
-0
-0
-0
-0
-0
-0
-0
-0
-0
-0
-0
-0
-0
-0
-0
-0
-0
-0
-0
-0
-0
-0
-0
-0
-0
-0
-0
-0
-0
-0
-0
-0
-0
-0
-0
-0
-0
-0
-0
-0
-0
-0
-0
0.0642546
0.112588
0.11191
0.153742
0.191433
0.225991
0.258019
0.287923
0.286397
0.284889
0.283398
0.281924
0.280468
0.279027
0.277603
0.276195
0.274803
0.273426
0.272065
0.270718
0.269386
0.296036
0.321227
0.345117
0.367834
0.389485
0.410157
0.429928
0.448864
0.467024
0.484457
0.50121
0.517324
0.532835
0.547777
0.562181
0.576075
0.589483
0.602431
0.614939
0.627028
0.638716
0.650022
0.660962
0.671551
0.681804
0.691734
0.701355
0.710677
0.756135
0.790148
0.819707
0.846324
0.870725
0.893344
0.914471
0.934314
0.953031
0.970745
0.987557
1.00355
1.01879
1.03334
1.04725
1.06057
1.07333
1.08557
1.09732
1.1086
1.11946
1.1299
1.13995
1.14963
1.15634
1.16283
1.1691
1.17517
1.17203
1.1689
1.1658
1.1627
1.16864
1.17439
1.17995
1.18533
1.19054
1.19558
1.20045
1.20517
1.20974
1.21416
1.21844
1.22258
1.22659
1.23047
1.23422
1.23785
1.24136
1.24475
1.24803
1.25121
1.25428
1.25724
1.26576
1.27399
1.28194
1.28962
1.29705
1.30423
1.31118
1.31791
1.32442
1.33072
1.33682
1.34272
1.34844
1.35399
1.35935
1.36455
1.36959
1.37222
1.37475
1.37721
1.37957
1.38185
-0
-0
-0
-0
-0
-0
-0
-0
-0
-0
-0
-0
-0
-0
0.353359
0.543564
0.672295
0.650022
0.742488
0.721928
0.702467
0.684038
0.666578
0.650022
0.63431
0.619382
0.605187
0.591673
0.578795
0.56651
0.554778
0.543564
0.532835
0.522559
0.512709
0.503258
0.494183
0.485461
0.477071
0.468996
0.461216
0.453716
0.446481
0.439497
0.43275
0.426229
0.565709
0.658351
0.73242
0.79431
0.847191
0.892995
0.933037
0.96827
0.99942
1.02706
1.05164
1.07355
1.0931
1.08297
1.07302
1.06324
1.05364
1.0442
1.03492
1.02581
1.01686
1.00806
0.999415
0.990919
0.982569
0.974362
0.966296
0.958366
0.950571
0.942906
0.935369
0.927957
0.920668
0.913499
0.906446
0.899508
0.892681
0.975225
1.0325
1.07986
1.12069
1.11246
1.14828
1.14004
1.17194
1.20069
1.22676
1.25052
1.27225
1.29218
1.3105
1.32737
1.34293
1.35729
1.37056
1.38282
1.39415
1.40463
1.46888
1.51317
1.5497
1.55816
1.58936
1.6168
1.64125
1.66322
1.68308
