-0
1
0.918296
0.811278
1.37095
1.45915
1.44882
1.81128
1.89106
1.89546
1.86763
1.82501
1.77586
1.72441
1.67291
1.62256
1.57399
1.52751
1.48323
1.44115
1.40123
1.36338
1.56212
1.66358
1.72914
1.77301
1.80219
1.82082
1.83161
1.83645
1.8367
1.83336
1.82722
1.81885
1.80874
1.79726
1.78468
1.77127
1.7572
1.74263
1.7277
1.84889
1.91874
1.96901
2.00688
2.03588
2.01924
2.04202
2.05954
2.07282
2.0826
2.08946
2.09386
2.09616
2.09668
2.09566
2.09333
2.18289
2.23595
2.27506
2.30524
2.32896
2.34768
2.3624
2.37383
2.38251
2.38886
2.39322
2.39585
2.39699
2.39682
2.3955
2.39318
2.38997
2.46026
2.50264
2.53436
2.55922
2.57908
2.59503
2.65896
2.69717
2.72556
2.74765
2.76514
2.77904
2.79003
2.79862
2.85605
2.89017
2.91541
2.93496
2.95033
2.96245
2.97193
2.97922
3.03134
3.03633
3.03975
3.07015
3.09261
3.10996
3.12358
3.13428
3.1426
3.14895
3.15361
3.15683
3.15878
3.15963
3.15949
3.20488
3.23189
3.25191
3.26743
3.27965
3.28928
3.29681
3.33912
3.36416
3.38264
3.3969
3.40806
3.41679
3.42355
3.42864
3.43233
3.43479
3.43617
3.43662
3.47504
3.49782
3.51466
3.52767
3.53787
3.54586
3.55205
3.55673
3.5927
3.61394
3.6296
3.64166
3.65108
3.65841
3.66405
3.66826
3.67126
3.67319
3.67419
3.67437
3.7075
3.72709
3.74156
3.75271
3.76143
3.76824
3.77348
3.77741
3.7802
3.78201
3.78296
3.81379
3.81384
3.8132
3.83133
3.84475
3.85512
3.86325
3.86962
3.87454
3.87824
3.8809
3.88265
3.88359
3.88383
3.88342
3.88243
3.88092
3.90909
3.92587
3.93835
3.94803
3.95567
3.96168
3.96637
3.96993
3.97253
3.99924
4.00089
4.01672
4.02847
4.03759
4.04476
4.0504
4.05478
4.0581
4.0605
4.06211
4.06301
4.06328
4.06299
4.06218
4.06091
4.08567
4.10046
4.11148
4.12006
4.12684
4.1322
4.13639
4.13959
4.14194
4.14354
4.14449
4.14485
4.16823
4.1822
4.19262
4.20073
4.20714
4.21221
4.21617
4.2192
4.22143
4.22295
4.22384
4.22418
4.22401
4.22339
4.22235
4.22093
4.21916
4.24099
4.2541
4.26392
4.2716
4.27771
4.28257
4.2864
4.28937
4.29158
4.29314
4.29412
4.29457
4.29455
4.29411
4.31473
4.32715
4.33645
4.34375
4.34956
4.35419
4.35328
4.35323
4.35131
4.3501
