-0
-0
0.918296
0.811278
0.721928
0.650022
0.863121
0.811278
0.764205
0.721928
0.684038
0.650022
0.77935
0.863121
0.918296
0.954434
0.977418
0.991076
0.998001
1
0.998364
0.99403
0.987693
0.979869
0.970951
0.961237
0.950956
0.940286
1.12426
1.10923
1.21452
1.2911
1.34955
1.39512
1.43101
1.45933
1.48162
1.499
1.51235
1.52234
1.52952
1.53433
1.65799
1.73135
1.7854
1.82714
1.86001
1.8861
1.90681
1.92314
1.93586
1.94554
1.95265
1.95757
1.96061
1.96202
2.05502
2.11076
2.15225
2.18458
2.21027
2.23084
2.24728
2.32828
2.37637
2.41189
2.43937
2.461
2.47809
2.49155
2.502
2.50993
2.51572
2.51967
2.52202
2.52298
2.52272
2.52138
2.5191
2.51597
2.58088
2.57647
2.61542
2.61017
2.63933
2.6623
2.68076
2.69568
2.70773
2.7174
2.72505
2.78193
2.78733
2.79124
2.79385
2.82746
2.85275
2.87267
2.88865
2.90156
2.91196
2.92027
2.9268
2.93179
2.93545
2.93792
2.93936
2.93986
2.93953
2.98751
3.01673
3.0388
3.03721
3.05464
3.06871
3.08014
3.08941
3.09688
3.1028
3.10739
3.11081
3.1132
3.11466
3.1153
3.1152
3.15725
3.18299
3.18187
3.20134
3.21683
3.22938
3.23962
3.24798
3.25474
3.26015
3.29886
3.32249
3.34038
3.35456
3.366
3.3753
3.38284
3.3889
3.39368
3.42971
3.45161
3.46815
3.48122
3.49173
3.50023
3.50708
3.51254
3.51681
3.52005
3.52237
3.52387
3.52466
3.52478
3.52432
3.52331
3.55589
3.57578
3.59085
3.6028
3.61245
3.62029
3.62664
3.63173
3.63574
3.63881
3.64105
3.64255
3.64339
3.64362
3.64331
3.67317
3.69143
3.7053
3.71632
3.72523
3.73249
3.73838
3.74312
3.74687
3.74975
3.75187
3.77986
3.79695
3.80991
3.81114
3.8214
3.82969
3.83029
3.83035
3.8371
3.84258
3.847
3.8505
3.85318
3.85516
3.8565
3.88245
3.88311
3.88327
3.88295
3.89869
3.91067
3.92021
3.92794
3.93425
3.93939
3.94354
3.94683
3.94937
3.95125
3.95254
3.95328
3.95354
3.95336
3.95278
3.95181
3.95051
3.94889
3.94697
3.97055
3.9851
3.99623
3.99393
4.00284
4.01011
4.01609
4.021
4.01849
4.01574
4.01979
4.02307
4.02566
4.02766
4.02911
4.03007
4.03059
4.03071
4.03045
4.02985
4.02893
4.02771
4.02623
4.02448
4.04607
4.04403
4.04177
4.03931
4.03664
4.03662
4.03627
4.03562
-0
-0
-0
0.811278
1.37095
1.45915
1.44882
1.40564
1.35164
1.29546
1.24067
1.5511
1.48853
1.61058
1.67291
1.70282
1.71308
1.71078
1.70022
1.68418
1.6645
1.64242
1.61884
1.59436
1.56943
1.54437
1.5194
1.49468
1.47033
1.44644
1.42305
1.4002
1.37792
1.35622
1.33509
1.31454
1.29455
1.43605
1.51998
1.58177
1.62947
1.70538
1.74113
1.79544
1.90928
1.93408
1.99893
2.04599
2.08173
2.18154
2.23878
2.27985
2.31064
2.32419
2.41304
2.46347
2.49934
2.5819
2.66209
2.66754
2.67024
2.71403
2.7141
2.71227
2.74283
2.73931
2.73442
2.75707
2.75107
2.74408
2.76138
2.75367
2.82036
2.83282
2.82405
2.86164
2.87069
2.89753
2.95879
2.97819
2.99282
3.02695
3.03758
3.04528
3.06932
3.07447
3.07761
3.09547
3.09687
3.09682
3.15007
3.14836
3.14556
3.17581
3.17194
3.16723
3.18901
3.18354
3.17743
3.22644
3.21947
3.21198
3.24024
3.28732
3.31458
3.33434
3.35385
3.36859
3.38318
3.39432
3.40275
3.41374
3.41995
3.46249
3.46658
3.46915
3.49341
3.49456
3.53521
3.55232
3.55206
3.55083
3.59008
3.58778
3.58472
3.60718
3.60339
3.59899
3.63658
3.63147
3.62588
3.64751
3.64145
3.66281
3.69874
3.71397
3.72548
3.76041
3.76894
3.77536
3.78004
3.79981
3.80295
3.80486
3.81905
3.81986
3.81975
3.85237
3.85129
3.87006
3.8682
3.8657
3.87926
3.87618
3.87258
3.90367
3.93443
3.93013
3.94787
3.96545
3.96068
3.99041
4.00294
3.9977
4.01471
4.02407
4.0185
4.03075
4.02488
4.03202
4.04126
4.04662
4.05058
4.0576
4.06036
4.06212
4.08948
4.09024
4.09023
4.10601
4.10527
4.10393
4.11538
4.11347
4.12219
4.11674
4.11443
4.12118
4.11845
4.11531
4.14097
4.13738
4.13346
4.14843
4.14418
4.13963
4.15063
4.14583
4.14078
4.14926
4.14432
4.13915
4.16361
4.15979
4.15568
4.1701
4.1664
4.16243
4.1731
4.16769
4.16211
4.17041
4.1939
4.20786
4.23102
4.254
4.2768
4.29941
4.32186
4.34412
4.36622
4.37914
4.40094
4.42257
4.44404
4.4565
4.46888
4.47571
4.48092
4.48983
4.49657
4.5017
4.50839
4.51224
4.51732
4.52239
4.52897
4.53089
4.5347
4.54123
4.54501
4.5649
4.57331
4.57967
4.59109
4.59937
4.61066
4.62994
4.63607
4.64071
4.65971
4.66312
4.66556
4.68431
4.68878
4.69324
-0
1
0.918296
1.5
1.52193
1.45915
1.84237
2.15564
2.41938
2.44644
2.41309
2.35539
2.28778
2.21702
2.42258
2.48346
2.49808
2.48855
2.46507
2.62821
2.68402
2.70356
2.84403
2.89208
3.01869
3.13778
3.17603
3.18649
3.18111
3.1656
3.14326
3.24566
3.28261
3.37749
3.41103
3.42287
3.50962
3.54019
3.55082
3.63071
3.6588
3.66842
3.66699
3.6581
3.64389
3.62573
3.69714
3.72454
3.79226
3.81785
3.82821
3.82928
3.89207
3.91599
3.92581
3.92699
3.98552
4.00798
4.0173
4.01855
4.01418
4.06855
4.08982
4.14203
4.16222
4.17069
4.17191
4.22114
4.24027
4.24836
4.29531
4.31347
4.32106
4.36594
4.38322
4.39037
4.39121
4.43387
4.47568
4.49168
4.49819
4.49878
4.51456
4.52119
4.5221
4.51895
4.51272
4.50408
4.50179
4.49651
4.48886
4.47931
4.46819
4.45575
4.44223
4.42777
4.42013
4.41095
4.44786
4.46417
4.50011
4.51587
4.52414
4.55887
4.56216
4.56209
4.55943
4.5547
4.54829
4.54047
4.53146
4.52144
4.5368
4.56954
4.58443
4.59266
4.60086
4.63237
4.66346
4.67746
4.68509
4.68867
4.68933
4.70305
4.70145
4.70905
4.71276
4.7095
4.71051
4.70934
4.70486
4.70209
4.6979
4.6925
4.68607
4.67874
4.67065
4.66187
4.6525
4.64811
4.65296
4.64764
4.64145
4.64646
4.64895
4.64219
4.63747
4.63189
4.62558
4.61861
4.6118
4.60441
4.59651
4.59975
4.60113
4.60675
4.61004
4.61151
4.6036
4.60369
4.60256
4.60037
4.59728
4.59341
4.60223
4.59769
4.59253
4.59844
4.60217
4.6042
4.59933
4.60005
4.59961
4.59819
4.59301
4.58736
4.5824
4.58038
4.57763
4.57423
4.57024
4.56573
4.56075
4.55586
4.55055
4.54486
4.53881
4.53244
4.52859
4.53317
4.53622
4.53802
4.53877
4.53862
4.53456
4.53369
4.53213
4.54112
4.5476
4.55223
4.54796
4.55117
4.5532
4.55643
4.55848
4.55954
4.55556
4.56025
4.56052
4.56006
4.56338
4.56556
4.56143
4.5627
4.56314
4.56287
4.56196
4.5605
4.5563
4.57751
4.5895
4.59801
4.60427
4.60888
4.6151
4.6184
4.62063
4.62196
4.62251
4.62239
4.62698
4.62627
4.62503
4.62332
4.62117
4.62942
4.63279
4.63891
4.64348
4.64683
4.64917
4.65066
4.6468
4.64759
4.64775
4.64735
4.64643
4.65249
4.64855
4.65314
4.65656
4.65902
4.66066
4.6616
4.65757
4.65793
-0
1
0.918296
1.5
1.37095
1.25163
1.37878
1.40564
1.39215
1.36096
1.32218
1.28067
1.2389
1.19812
1.4716
1.59192
1.65898
1.69607
1.65744
1.61924
1.58186
1.54554
1.51039
1.47649
1.44386
1.48468
1.51378
1.53409
1.54764
1.70689
1.79291
1.85141
1.99122
2.06526
2.11472
2.14896
2.17257
2.18833
2.19806
2.20306
2.20428
2.20246
2.19816
2.19183
2.18384
2.17448
2.27676
2.33376
2.37363
2.36159
2.3487
2.37823
2.40029
2.41665
2.50382
2.55263
2.63526
2.681
2.71282
2.73581
2.81164
2.85315
2.92546
2.99586
3.03368
3.10099
3.13677
3.1607
3.22418
3.25758
3.31849
3.37799
3.40873
3.43892
3.49522
3.52399
3.54244
3.59599
3.62309
3.63418
3.68529
3.73536
3.74534
3.77012
3.78563
3.83301
3.8795
3.92512
3.94742
3.96941
3.9828
3.99607
4.00395
4.01183
4.0197
4.02377
4.02492
4.02916
4.04972
4.06247
4.07025
4.0716
4.07588
4.07742
4.07676
4.07625
4.08883
4.09676
4.10133
4.09922
4.1013
4.10131
4.1137
4.11042
4.11847
4.12336
4.12578
4.12157
4.12214
4.12108
4.11865
4.11385
4.1104
4.10593
4.10058
4.0954
4.08945
4.08944
4.08812
4.08262
4.08032
4.07704
4.0729
4.06718
4.06162
4.05546
4.04877
4.0416
4.03595
4.03198
4.02736
4.02214
4.0164
4.01081
4.00474
3.99824
3.99247
3.99454
3.99544
4.02658
4.02631
4.02516
4.02323
4.04064
4.04407
4.04619
4.04719
4.05947
4.05948
4.05865
4.05706
4.06617
4.06393
4.06109
4.05772
4.06462
4.07149
4.07661
4.08028
4.08538
4.10159
4.11326
4.12202
4.12557
4.13217
4.13709
4.14063
4.14302
4.14543
4.14685
4.14741
4.14989
4.15139
4.15126
4.15047
4.17642
4.17494
4.20057
4.21539
4.23009
4.22794
4.23857
4.23594
4.2465
4.24344
4.23999
4.24799
4.27233
4.27833
4.28285
4.28616
4.30008
4.30233
4.3037
4.30431
4.31434
4.31426
4.31359
4.31238
4.31998
4.31828
4.31615
4.31362
4.3195
4.31662
4.31341
4.30989
4.31446
4.33684
4.34021
4.35327
4.36285
4.37017
4.37253
4.37818
4.39977
4.4124
4.43372
4.44284
4.44979
4.45512
4.45918
4.47139
4.47437
4.47647
4.47781
4.48665
4.48732
4.48739
4.48695
4.49367
4.49276
4.49142
4.49662
4.49491
4.49284
4.49686
4.51661
4.51959
4.51719
4.51449
4.526
4.54536
4.55671
4.56503
4.57332
-0
-0
-0
-0
-0
-0
-0
0.543564
0.503258
0.721928
0.845351
0.918296
0.890492
0.863121
0.836641
0.811278
0.787127
0.764205
1.02146
1.15678
1.24671
1.3093
1.35345
1.38443
1.40568
1.41956
1.59552
1.68939
1.72306
1.78464
1.80685
1.82158
1.86396
1.87267
1.90321
1.90765
1.92994
1.9313
1.92985
1.94672
1.94355
1.95607
1.95164
1.96084
1.95322
1.9599
1.95193
1.95664
1.968
1.97076
1.9794
1.98546
1.98707
1.99135
1.99176
1.9946
1.99403
1.99227
2.08245
2.07859
2.1324
2.12726
2.16736
2.1613
2.1546
2.18606
2.17877
2.20423
2.19652
2.27316
2.26435
2.31072
2.30133
2.29165
2.32652
2.31651
2.34429
2.33408
2.35678
2.34647
2.336
2.35496
2.34447
2.36042
2.34995
2.33937
2.35305
2.34254
2.35421
2.34381
2.35379
2.3435
2.33316
2.34191
2.3317
2.33923
2.32917
2.38755
2.37712
2.36668
2.40358
2.39301
2.42189
2.43933
2.46281
2.45228
2.44175
2.46156
2.47624
2.49298
2.5055
2.51975
2.53043
2.53963
2.55175
2.55958
2.60871
2.61502
2.62031
2.65134
2.65553
2.67977
2.68301
2.70288
2.7053
2.70706
2.72367
2.72478
2.73891
2.73944
2.73946
2.75159
2.75651
2.7994
2.80323
2.8306
2.83355
2.83584
2.85717
2.85876
2.87631
2.87729
2.87776
2.89249
2.89247
2.90504
2.91322
2.92027
2.93098
2.93699
2.9462
2.95129
2.95923
2.96351
2.96708
2.97392
2.9829
2.98875
2.99651
3.00322
3.00819
3.01396
3.04938
3.05414
3.05816
3.08079
3.08404
3.10185
3.10444
3.10648
3.12112
3.12262
3.13499
3.1456
3.15476
3.16269
3.16955
3.17547
3.18057
3.18493
3.18861
3.19169
3.19422
3.19624
3.19779
3.19891
3.19963
3.19998
3.19999
3.19967
3.23013
3.24989
3.24909
3.26474
3.26363
3.27662
3.27523
3.28626
3.29575
3.29411
3.30234
3.30048
3.30765
3.3139
3.31186
3.31731
3.32205
3.32615
3.32966
3.32751
3.33052
3.33305
3.33514
3.33681
3.33811
3.36522
3.36607
3.38369
3.38416
3.39817
3.3983
3.40997
3.41993
3.41974
3.42833
3.42788
3.43535
3.44188
3.44118
3.44689
3.44597
3.47119
3.46998
3.48639
3.49948
3.498
3.50891
3.50724
3.51654
3.52458
3.52273
3.52973
3.52771
3.53383
3.53167
3.55545
3.56073
3.55836
3.57379
3.57835
3.59062
3.60086
3.60476
3.61348
3.61683
3.62435
-0
-0
-0
-0
-0
-0
-0
-0
-0
0.468996
0.684038
0.811278
0.890492
0.940286
0.970951
0.988699
0.997503
1
0.998001
0.992774
0.985228
1.20721
1.32578
1.40564
1.4619
1.50204
1.53049
1.5502
1.56319
1.57095
1.57458
1.57492
1.57262
1.56821
1.56209
1.55459
1.54597
1.53646
1.6691
1.74603
1.80168
1.84385
1.87637
1.90158
1.92103
1.93583
1.94682
1.95465
1.95982
1.96275
1.96377
1.96316
1.96114
1.95793
1.95368
2.04802
2.10442
2.1463
2.17887
2.20469
2.22529
2.24171
2.2547
2.26481
2.27249
2.27809
2.28188
2.28411
2.36029
2.40602
2.44012
2.46675
2.48793
2.50488
2.51842
2.52913
2.53747
2.60389
2.60951
2.64883
2.67809
2.70087
2.71893
2.7333
2.7447
2.75362
2.76045
2.76549
2.76898
2.77111
2.77204
2.77193
2.77087
2.82639
2.85985
2.8849
2.90454
2.92021
2.93278
2.94283
2.95078
2.95693
2.96155
2.96482
2.96691
2.96795
3.01664
3.04603
3.06808
3.06764
3.08492
3.09875
3.10988
3.11881
3.12589
3.1314
3.13555
3.13851
3.14042
3.14139
3.14153
3.14092
3.13964
3.13774
3.13528
3.13232
3.1289
3.17037
3.19578
3.21508
3.23043
3.24286
3.25301
3.24891
3.24444
3.25281
3.25963
3.26511
3.26944
3.27275
3.27515
3.27674
3.2776
3.27781
3.27742
3.27648
3.27505
3.27316
3.27085
3.26815
3.30397
3.32622
3.3433
3.35705
3.35374
3.36503
3.37437
3.38213
3.37858
3.37473
3.37061
3.36624
3.37282
3.37827
3.38273
3.38632
3.38914
3.39125
3.39274
3.39365
3.39403
3.39394
3.39341
3.39246
3.39115
3.38948
3.38749
3.41854
3.43812
3.45332
3.4657
3.46321
3.46044
3.45742
3.45417
3.45069
3.44701
3.44313
3.43907
3.43484
3.43045
3.42591
3.42123
3.41642
3.41148
3.40643
3.40127
3.39601
3.39064
3.38519
3.39562
3.39009
3.39903
3.40673
3.41338
3.41912
3.42407
3.42831
3.43191
3.43493
3.43743
3.43946
3.44105
3.44223
3.44304
3.44349
3.44363
3.44346
3.44302
3.4423
3.44134
3.46744
3.48436
3.49778
3.49644
3.50758
3.51705
3.52519
3.53223
3.53833
3.54363
3.54821
3.55217
3.55555
3.55842
3.56082
3.56279
3.56437
3.56558
3.56645
3.56701
3.56727
3.56726
3.56699
3.5907
3.60612
3.61837
3.62857
3.63726
3.64473
3.6512
3.65683
3.66172
3.66595
3.66962
3.67276
-0
-0
-0
-0
-0
-0
-0
-0
-0
-0
-0
-0
-0
-0
-0
-0
-0
-0
-0
0.286397
0.276195
0.266765
0.258019
0.413817
0.529361
0.619382
0.69129
0.749595
0.797327
0.836641
0.869138
1.0426
1.14631
1.16609
1.18182
1.33211
1.42131
1.48698
1.53768
1.57766
1.58349
1.61525
1.73704
1.75992
1.77792
1.84689
1.89753
1.9467
1.98447
2.01402
2.03729
2.05557
2.09059
2.10439
2.11488
2.1226
2.12796
2.13132
2.15796
2.24429
2.2448
2.29545
2.33288
2.36184
2.38464
2.40269
2.42053
2.43461
2.44559
2.45397
2.46014
2.47404
2.47835
2.48102
2.48229
2.48231
2.48123
2.47919
2.49071
2.48793
2.4844
2.48019
2.47538
2.47004
2.47997
2.47429
2.46818
2.46169
2.45485
2.4477
2.45655
2.44928
2.50869
2.50078
2.49266
2.48435
2.49174
2.48342
2.47495
2.46634
2.45761
2.44878
2.45565
2.44689
2.48215
2.47318
2.50075
2.52339
2.52884
2.54774
2.5638
2.57754
2.58931
2.59354
2.60362
2.61225
2.6196
2.62582
2.63103
2.67863
2.68259
2.68575
2.68816
2.6899
2.68223
2.67448
2.70401
2.6961
2.69749
2.69834
2.69868
2.69855
2.7214
2.72075
2.71971
2.71829
2.71654
2.71447
2.73315
2.73075
2.72807
2.72514
2.72197
2.71859
2.73437
2.73077
2.72481
2.71876
2.71263
2.70642
2.72012
2.71386
2.70752
2.70113
2.69468
2.70678
2.7003
2.69378
2.68722
2.68062
2.67398
2.68482
2.67818
2.67151
2.66482
2.65811
2.65138
2.6612
2.667
2.67218
2.67679
2.68086
2.68445
2.69311
2.69622
2.69892
2.70122
2.71068
2.71918
2.72683
2.73444
2.74128
2.77524
2.79799
2.81646
2.82289
2.85585
2.87786
2.89568
2.92785
2.94926
2.95441
2.98589
3.0171
3.03776
3.0544
3.08489
3.08886
3.11894
3.14876
3.17832
3.19772
3.22682
3.22968
3.24865
3.27718
3.30547
3.32391
3.35177
3.37939
3.40679
3.42453
3.43859
3.46542
3.48273
3.50917
3.5354
3.56142
3.58723
3.58831
3.61383
3.62673
3.63735
3.64628
3.64682
3.647
3.6484
3.6494
3.65002
3.6503
3.65025
3.65267
3.65462
3.65342
3.67752
3.67898
3.67865
3.69401
3.71763
3.73275
3.75607
3.75526
3.77834
3.79306
3.81585
3.83035
3.8417
3.84042
3.85168
3.8739
3.88799
3.899
3.90801
3.91439
3.92188
3.94343
-0
-0
-0
0.811278
0.721928
0.650022
0.591673
0.543564
0.503258
0.468996
0.439497
0.413817
0.391244
0.371232
0.353359
0.33729
0.322757
0.309543
0.297472
0.286397
0.276195
0.266765
0.258019
0.249882
0.242292
0.468167
0.605291
0.70757
0.787667
0.851933
0.904233
0.947169
0.982603
1.01192
1.03619
1.05623
1.07273
1.08622
1.09714
1.10587
1.1127
1.11789
1.12167
1.12421
1.12568
1.12622
1.12594
1.12494
1.12332
1.12115
1.11849
1.11542
1.11198
1.10821
1.10416
1.09987
1.09536
1.09067
1.08582
1.08082
1.07571
1.0705
1.06521
1.05985
1.05443
1.04896
1.04346
1.03793
1.03238
1.02682
1.02125
1.01569
1.01014
1.00459
0.99906
0.993549
0.98806
0.982596
0.97716
0.971755
0.966381
0.961042
0.955738
1.03753
1.03157
1.08772
1.13409
1.17403
1.20916
1.24047
1.2686
1.29405
1.31718
1.33827
1.35755
1.37523
1.39145
1.40636
1.42008
1.43271
1.44433
1.45504
1.46489
1.47396
1.48231
1.48997
1.55247
1.59542
1.63078
1.66115
1.68782
1.71153
1.7328
1.75199
1.76939
1.78521
1.79963
1.81279
1.82483
1.83584
1.84592
1.85514
1.86358
1.87128
1.87832
1.88473
1.89056
1.89586
1.90065
1.90497
1.90885
1.91232
1.96179
1.96456
1.96698
2.00049
2.02808
2.0518
2.07262
2.09115
2.10778
2.12279
2.13639
2.14876
2.16003
2.17032
2.17971
2.18829
2.19614
2.2033
2.20983
2.21578
2.22118
2.22609
2.23053
2.23453
2.23812
2.24133
2.24417
2.24668
2.24886
2.25075
2.25235
2.25368
2.25476
2.25559
2.2562
2.25659
2.29554
2.32232
2.34442
2.36346
2.38022
2.39517
2.40862
2.42078
2.43183
2.4419
2.4511
2.45951
2.46721
2.47425
2.4807
2.48659
2.49198
2.4969
2.50137
2.50544
2.50912
2.51244
2.51542
2.51808
2.52044
2.52252
2.52433
2.52589
2.55907
2.58184
2.60063
2.61682
2.63106
2.64377
2.65519
2.66552
2.67491
2.68345
2.69126
2.69838
2.7049
2.71086
2.71631
2.72128
2.72581
2.72994
2.73369
2.73708
2.74014
2.74288
2.74533
2.74751
2.77683
2.79691
2.81345
2.82768
2.8402
2.85134
2.86136
2.8704
2.87861
2.88607
2.89287
2.89907
2.90473
2.90989
2.9146
2.91888
2.92278
2.92631
2.92949
2.93237
2.93494
2.93723
2.93926
2.94104
2.96731
2.98525
3.00002
3.01272
3.02387
3.0338
3.04271
3.05075
3.05803
3.06465
3.07067
3.07615
-0
-0
-0
-0
0.721928
0.918296
1.37878
1.40564
1.53049
1.57095
1.57262
1.55459
1.52623
1.49261
1.53012
1.5
1.46809
1.43552
1.40299
1.37095
1.33966
1.3093
1.27994
1.25163
1.29947
1.27365
1.24865
1.22449
1.20115
1.17861
1.15687
1.13589
1.11564
1.09611
1.07725
1.05905
1.10427
1.08699
1.07024
1.05402
1.03829
1.02304
1.00825
0.993897
0.979971
0.966452
0.953322
0.940566
0.92817
0.968213
0.956178
0.944457
0.933037
0.921908
0.91106
0.900482
0.890165
0.880099
0.870276
0.860686
0.851323
0.842177
0.87738
0.868393
0.859602
0.851001
0.842585
0.834347
0.826282
0.818384
0.810649
0.803072
0.795647
0.78837
0.819625
0.812428
0.805367
0.798438
0.791637
0.784962
0.778408
0.771973
0.765652
0.759444
0.753345
0.747352
0.741462
0.769445
0.763591
0.757833
0.75217
0.746598
0.741116
0.735722
0.730412
0.725186
0.720041
0.714976
0.709988
0.705076
0.778231
0.772863
0.767576
0.762367
0.757235
0.752179
0.747196
0.742285
0.737445
0.732673
0.727968
0.72333
0.718756
0.767444
0.762659
0.757939
0.753282
0.748688
0.744155
0.739682
0.735268
0.730911
0.72661
0.722365
0.718173
0.757389
0.753065
0.748794
0.744577
0.740411
0.736296
0.732231
0.728215
0.724247
0.720326
0.716452
0.712623
0.708839
0.74195
0.738074
0.734242
0.730454
0.726708
0.723005
0.719342
0.71572
0.712138
0.708595
0.70509
0.701623
0.698194
0.726997
0.7235
0.72004
0.716616
0.713227
0.709874
0.706555
0.703269
0.700018
0.696799
0.693612
0.713606
0.710402
0.70723
0.704089
0.700978
0.697898
0.694847
0.691825
0.688832
0.685867
0.68293
0.680021
0.677139
0.701688
0.698757
0.695852
0.692973
0.69012
0.687293
0.684492
0.681715
0.678963
0.676235
0.673531
0.670851
0.668194
0.69037
0.687674
0.685
0.68235
0.679721
0.677115
0.674531
0.671968
0.669427
0.666906
0.664406
0.661927
0.659468
0.657029
0.677221
0.67475
0.672298
0.669865
0.667452
0.665058
0.662683
0.660326
0.657988
0.655668
0.653365
0.651081
0.648814
0.667407
0.665112
0.662835
0.660575
0.658332
0.656105
0.653895
0.692399
0.72166
0.747334
0.770641
0.792164
0.812252
0.831138
0.847503
0.865231
0.882054
0.898071
0.913359
0.927984
0.942002
0.955458
0.968393
0.980843
0.992838
1.00441
1.01557
1.02636
1.04074
1.05109
1.0611
1.07079
1.08017
1.08925
1.09806
1.1066
1.11487
1.12291
1.13071
1.13827
1.14562
-0
-0
-0
-0
-0
-0
-0
-0
-0
-0
-0
-0
-0
-0
-0
-0
-0
-0
-0
-0
-0
-0
-0
-0
-0
-0
-0
-0
-0
-0
-0
-0
-0
-0
-0
-0
-0
-0
-0
-0
-0
-0
-0
-0
-0
-0
-0
-0
-0
-0
-0
-0
-0
-0
-0
-0
-0
-0
-0
-0
-0
-0
-0
-0
-0
-0
-0
-0
-0
-0
-0
-0
-0
-0
-0
-0
-0
-0
-0
-0
-0
-0
-0
-0
-0
-0
-0
-0
-0
-0
-0
-0
-0
-0
-0
-0
-0
-0
-0
-0
-0
-0
-0
-0
-0
-0
-0
-0
-0
-0
-0
-0
-0
-0
-0
-0
-0
-0
-0
-0
-0
-0
-0
-0
-0
-0
-0
-0
-0
-0
-0
-0
-0
-0
-0
-0
-0
-0
-0
-0
-0
-0
-0
-0
-0
-0
-0
-0
-0
-0
-0
-0
-0
-0
-0
-0
-0
-0
-0
-0
-0
-0
-0
-0
-0
-0
-0
-0
-0
-0
-0
-0
-0
-0
-0
-0
-0
-0
-0
-0
-0
-0
-0
-0
-0
-0
-0
-0
-0
-0
-0
-0
-0
-0
-0
-0
-0
-0
-0
-0
-0
-0
-0
-0
-0
-0
-0
-0
-0
-0
-0
-0
-0
-0
-0
-0
-0
-0
-0
-0
-0
-0
-0
-0
-0
-0
-0
-0
-0
-0
-0
-0
-0
-0
-0
-0
-0
-0
-0
-0
-0
-0
-0
-0
-0
-0
-0
-0
-0
-0
-0
-0
-0
-0
-0
-0
-0
-0
-0
-0
-0
-0
-0
-0
-0
-0
-0
-0
-0
0.371232
0.56651
0.696212
0.787127
0.852405
0.899744
0.934068
0.958712
0.976021
0.987693
0.994985
0.998846
1
0.99901
0.996317
1.17836
1.28325
1.27337
1.34811
1.40483
1.44878
1.48313
1.47264
1.4615
1.44987
1.43786
1.42557
1.41309
1.40047
1.38779
1.37507
1.36237
1.3497
1.33711
1.32461
1.31222
1.29994
1.33248
1.36033
1.38424
1.37276
1.36136
1.38253
1.40088
1.41677
1.4305
1.44233
1.45247
1.46112
1.46843
1.47454
1.47958
1.48365
1.48684
1.48925
1.49095
1.492
1.49246
1.4924
1.49184
1.49085
1.48946
1.4877
1.48561
1.48321
1.48054
1.55898
1.61101
1.65279
1.64854
1.6441
1.67885
1.67408
1.66914
1.66407
1.69369
1.71961
1.74248
1.76278
1.78087
1.79702
1.81148
1.82443
1.83602
1.83096
1.84143
1.85081
1.85919
1.86666
1.8733
1.87917
1.88434
1.88886
1.89279
1.89615
1.89901
1.90138
1.90331
1.90482
1.96103
