-0
-0
-0
0.811278
0.970951
1
0.985228
0.954434
0.918296
0.881291
1.24067
1.38443
1.45727
1.49261
1.50582
1.50524
1.49582
1.48068
1.47135
1.45772
1.6645
1.8556
2.03294
2.11479
2.16229
2.31432
2.38307
2.52024
2.58077
2.70559
2.8239
2.87378
2.89912
2.90984
3.01388
3.01302
3.05678
3.07941
3.08928
3.09047
3.08539
3.07565
3.06234
3.04629
3.13234
3.17186
3.19431
3.20625
3.21088
3.2101
3.20518
3.19702
3.27173
3.30715
3.37812
3.41132
3.43056
3.44112
3.44556
3.44543
3.44173
3.4352
3.42637
3.48895
3.51918
3.53739
3.54807
3.55339
3.61118
3.63904
3.65578
3.66552
3.67028
3.67125
3.72446
3.75021
3.76573
3.7748
3.77927
3.78022
3.77839
3.7743
3.76834
3.76082
3.80885
3.83271
3.84753
3.85664
3.86162
3.86345
3.86277
3.86002
3.85555
3.84964
3.84249
3.83428
3.82515
3.86826
3.89045
3.90479
3.91413
3.91986
3.9228
3.92349
3.92232
3.96234
3.98304
3.99649
4.00532
4.0108
4.00801
4.00396
4.00707
4.00813
4.00748
4.00539
4.00207
3.99769
4.0341
4.05335
4.06614
4.0748
4.08045
4.07516
4.06909
4.06233
4.05495
4.04703
4.03861
4.02976
4.02051
4.01091
4.001
4.0055
3.99542
3.98509
3.97453
3.96376
3.95281
3.95618
3.95812
3.95882
3.95846
3.95717
3.95507
3.95223
3.94875
3.94468
3.94009
3.93502
3.92952
3.92363
3.91738
3.9108
3.94179
3.95963
3.95265
3.9454
3.9583
3.96803
3.97543
3.981
3.98507
3.98789
3.98963
3.99044
3.99042
3.98967
3.98827
3.98629
3.98377
3.98077
3.97734
3.9735
3.9693
3.96476
3.9599
3.95477
3.94937
3.97704
3.9934
4.00548
4.01479
4.02206
4.02773
4.05434
4.07002
4.08155
4.09041
4.0973
4.12305
4.12827
4.13221
4.14719
4.15819
4.16661
4.17313
4.17816
4.18196
4.18472
4.18659
4.18768
4.2119
4.21222
4.21193
4.22608
4.23647
4.24444
4.25063
4.2554
4.25902
4.26166
4.26346
4.26452
4.26493
4.26476
4.26407
4.26291
4.26131
4.25933
4.28181
4.2951
4.30493
4.3125
4.31842
4.32302
4.32655
4.32917
4.33101
4.33216
4.3327
4.3541
4.36676
4.36666
4.376
4.38321
4.38884
4.39324
4.39661
4.39911
4.40087
4.40198
4.40251
4.40251
4.40206
4.4223
4.43431
4.43335
4.43201
4.43032
4.43919
4.44606
4.45147
4.45571
4.45899
4.46146
-0
-0
-0
-0
0.721928
0.918296
0.985228
0.954434
0.918296
0.881291
0.845351
0.811278
1.14012
1.09491
1.05298
1.0141
0.978016
0.944489
1.08699
1.18129
1.24671
1.29273
1.32497
1.34707
1.36154
1.37016
1.37425
1.3748
1.37255
1.3681
1.36191
1.51997
1.60922
1.67229
1.71897
1.75408
1.78052
1.80024
1.81461
1.82467
1.83121
1.83483
1.83602
1.95079
1.94815
1.94391
1.93833
1.93161
1.92394
1.91547
1.90632
1.9683
2.01422
2.04986
2.07807
2.06791
2.09062
2.10883
2.12333
2.13475
2.14355
2.15011
2.15476
2.15773
2.23921
2.28826
2.3249
2.32486
2.32363
2.32136
2.31818
2.31419
2.30948
2.30414
2.29825
2.29185
2.28502
2.27779
2.27348
2.26865
2.26335
2.25763
2.25153
2.24579
2.2397
2.23396
2.2279
2.22156
2.21496
2.20814
2.20112
2.19392
2.18656
2.17905
2.17141
2.16367
2.15582
2.14789
2.13988
2.16683
2.18977
2.20956
2.22675
2.24176
2.25489
2.31063
2.34677
2.37538
2.39908
2.41916
2.43638
2.45125
2.46112
2.46966
2.47702
2.48332
2.47544
2.46748
2.47308
2.47783
2.48181
2.48508
2.4877
2.48973
2.49121
2.48411
2.47694
2.46971
2.46242
2.45509
2.44771
2.4403
2.43941
2.43211
2.42477
2.42386
2.41664
2.4094
2.40213
2.39485
2.38755
2.38025
2.37294
2.36562
2.3583
2.36152
2.3543
2.35716
2.35961
2.36168
2.36338
2.36475
2.3658
2.36654
2.36701
2.37988
2.38005
2.37998
2.37967
2.39124
2.40173
2.41125
2.4199
2.42776
2.42723
2.43439
2.43366
2.43275
2.43165
2.43037
2.42894
2.42735
2.42205
2.41673
2.41517
2.40991
2.40463
2.39932
2.394
2.38866
2.3833
2.37793
2.37958
2.38098
2.38214
2.38309
2.38382
2.38436
2.38471
2.38487
2.39184
2.39828
2.40518
2.41156
2.41745
2.42331
2.42872
2.43371
2.4383
2.4553
2.47035
2.48385
2.49606
2.50718
2.51733
2.52664
2.5352
2.54308
2.55034
2.55704
2.56321
2.56891
2.57416
2.57899
2.60973
2.63095
2.64853
2.66374
2.67716
2.68918
2.70002
2.70987
2.71884
2.72705
2.73457
2.74147
2.7478
2.75362
2.75897
2.76388
2.76839
2.77251
2.77629
2.80421
2.80755
2.82668
2.82964
2.84539
2.85899
2.87098
2.89788
2.90846
2.9268
2.94191
2.95493
2.96639
2.97659
2.98577
2.99407
3.00159
3.00845
3.03388
3.05123
3.06549
3.07774
3.08849
-0
-0
-0
-0
-0
-0
0.591673
0.811278
0.918296
0.970951
0.99403
1.32501
1.31432
1.29584
1.42947
1.40564
1.37928
1.45915
1.43298
1.40601
1.46072
1.43537
1.40984
1.38443
1.35933
1.33468
1.38009
1.4138
1.43863
1.45656
1.46906
1.47722
1.48186
1.48366
1.48313
1.48068
1.47667
1.47135
1.46498
1.45772
1.44974
1.44117
1.43211
1.42268
1.5448
1.61884
1.67433
1.71794
1.75294
1.85932
1.92288
1.97002
2.00666
2.03569
2.05887
2.15134
2.20593
2.24606
2.27694
2.30112
2.32014
2.33503
2.41556
2.46268
2.49709
2.52336
2.59761
2.64058
2.67167
2.69517
2.764
2.80342
2.8317
2.85286
2.86885
2.93217
2.96811
2.9937
3.05375
3.08752
3.11136
3.12886
3.18525
3.2405
3.27112
3.29246
3.34516
3.37412
3.39413
3.40844
3.41859
3.46794
3.49489
3.5427
3.56862
3.58629
3.5987
3.60729
3.65232
3.67659
3.69305
3.70451
3.71236
3.7549
3.77771
3.7931
3.80374
3.81094
3.85125
3.87276
3.8872
3.89712
3.90376
3.94205
3.9624
3.97599
3.98527
3.99141
4.02788
4.04718
4.08279
4.11791
4.15255
4.18673
4.22046
4.25374
4.28659
4.31902
4.35103
4.38263
4.41384
4.4295
4.46005
4.4753
4.50522
4.52007
4.52927
4.53486
4.53783
4.53875
4.53801
4.53591
4.53264
4.52836
4.52323
4.51732
4.51075
4.50359
4.53146
4.5457
4.55481
4.56064
4.55302
4.54493
4.54854
4.5503
4.542
4.53331
4.52429
4.51497
4.50536
4.49551
4.48543
4.47515
4.46468
4.47428
4.4637
4.47037
4.47487
4.47765
4.47903
4.47925
4.47847
4.47682
4.47441
4.47133
4.46765
4.46343
4.45873
4.45359
4.44806
4.44216
4.43593
4.4294
4.4226
4.41553
4.40824
4.40073
4.39302
4.40281
4.39495
4.38692
4.39417
4.38603
4.39142
4.39531
4.39797
4.3996
4.40033
4.4003
4.39958
4.39825
4.39638
4.39402
4.39121
4.38799
4.38441
4.38048
4.37624
4.37172
4.36692
4.36188
4.35661
4.35113
4.34545
4.33885
4.33211
4.32642
4.32056
4.31454
4.30838
4.30207
4.29564
4.28908
4.28241
4.27563
4.26876
4.26179
4.25474
4.2476
4.24039
4.23311
4.22576
4.21835
4.21089
4.20337
4.1958
4.18819
4.18054
4.17284
4.16511
4.17831
4.18831
4.19625
4.20266
4.20786
4.21207
4.21543
4.21806
4.22005
4.22147
4.23415
4.24377
4.25141
4.25758
4.26259
-0
1
0.918296
0.811278
0.721928
0.650022
0.591673
0.543564
0.764205
0.881291
0.94566
0.979869
0.995727
1
0.996792
0.988699
0.977418
0.964079
0.949452
0.934068
0.918296
0.902393
0.886541
1.09948
1.2178
1.30019
1.36039
1.40517
1.43863
1.46346
1.48157
