-0
-0
-0
-0
-0
-0
-0
-0
-0
-0
-0
-0
-0
-0
-0
-0
-0
-0
-0
-0
-0
0.266765
0.258019
0.413817
0.529361
0.619382
0.69129
0.749595
0.797327
0.836641
0.869138
0.896038
0.918296
0.936667
0.951763
0.964079
0.974025
1.12396
1.21589
1.28528
1.34021
1.38469
1.42113
1.4512
1.47606
1.4966
1.51352
1.52737
1.53858
1.54752
1.55451
1.55978
1.66539
1.73055
1.7801
1.78118
1.82042
1.85246
1.8789
1.90085
1.91908
1.93419
1.94664
1.9568
1.96498
1.97142
1.97201
1.97716
1.98097
1.9836
1.98518
1.98581
1.9856
1.98464
1.983
1.98075
1.97796
1.97467
1.97094
1.96681
1.96232
1.95751
1.9524
1.94703
1.94142
1.93559
1.92958
1.92339
1.91705
1.91058
1.90398
1.89727
1.89047
1.88358
1.87662
1.8696
1.86252
1.8554
1.84823
1.84104
1.83382
1.82658
1.81933
1.81207
1.8048
1.79754
1.79028
1.78302
1.77578
1.76855
1.76133
1.75414
1.74696
1.73981
1.73268
1.72559
1.71852
1.72724
1.73524
1.74257
1.74929
1.7593
1.76541
1.7746
1.78305
1.79082
1.79796
1.80346
1.80848
1.81305
1.81719
1.82093
1.8243
1.82731
1.82999
1.83657
1.83895
1.84103
1.84283
1.84436
1.84565
1.8467
1.84753
1.84815
1.84856
1.84878
1.84883
1.8487
1.8484
1.84795
1.84736
1.84662
1.84575
1.84475
1.84364
1.8424
1.84106
1.83962
1.83807
1.83644
1.83471
1.8329
1.831
1.82903
1.82698
1.82487
1.82269
1.82044
1.81814
1.81577
1.81336
1.81089
1.80837
1.8058
1.80319
1.80054
1.79785
1.79512
1.79235
1.78955
1.78672
1.78385
1.78096
1.77804
1.77509
1.77212
1.76913
1.77634
1.77334
1.77032
1.76728
1.76422
1.76115
1.75806
1.75495
1.75183
1.7487
1.74555
1.7424
1.73923
1.73605
1.73287
1.72967
1.72647
1.72628
1.72601
1.72568
1.72527
1.7248
1.72427
1.72368
1.72302
1.72231
1.72154
1.72072
1.71985
1.71893
1.71796
1.71694
1.71588
1.71478
1.71363
1.71244
1.71122
1.70995
1.70865
1.70732
1.70595
1.70455
1.70311
1.70165
1.70015
1.69863
1.69708
1.6955
1.69371
1.69215
1.69056
1.68895
1.68732
1.68566
1.68398
1.68228
1.68056
1.67882
1.67706
1.67528
1.67349
1.67167
1.66985
1.668
1.66614
1.66427
1.66238
1.66124
1.66006
-0
-0
-0
-0
-0
-0
0.591673
0.811278
0.918296
0.881291
0.845351
0.811278
1.14012
1.28705
1.37095
1.32943
1.28961
1.25163
1.31243
1.35272
1.32231
1.29273
1.26409
1.23644
1.2098
1.18416
1.15951
1.13582
1.17856
1.15678
1.13574
1.11542
1.0958
1.07684
1.05854
1.04085
1.08004
1.06339
1.09666
1.12467
1.14828
1.16816
1.18486
1.1718
1.15894
1.14629
1.13386
1.12164
1.10965
1.09787
1.08631
1.14012
1.18553
1.22439
1.25794
1.24627
1.27553
1.30111
1.32351
1.34317
1.36043
1.4576
1.47133
1.48325
1.54433
1.59247
1.63217
1.66567
1.69429
1.70239
1.7092
1.71484
1.73903
1.76005
1.76445
1.7827
1.79864
1.81256
1.8247
1.83526
1.84441
1.85229
1.85904
1.86476
1.86955
1.87349
1.87666
1.87913
1.88095
1.88219
1.88288
1.88308
1.88282
1.88214
1.88108
1.87966
1.87791
1.87585
1.87352
1.87093
1.8681
1.86504
1.86179
1.85835
1.85473
1.85095
1.84703
1.84297
1.83878
1.83447
1.83006
1.88733
1.88247
1.92095
1.95231
1.94706
1.94174
1.93636
1.93092
1.92543
1.91988
1.9143
1.90867
1.90301
1.89732
1.89161
1.88587
1.88011
1.87434
1.86855
1.86275
1.85695
1.85114
1.84532
1.83951
1.83369
1.82788
1.85305
1.8753
1.89524
1.91326
1.92963
1.94459
1.93864
1.9327
1.92676
1.92083
1.91491
1.92869
1.94138
1.95309
1.96393
1.97395
1.98324
1.99185
1.99983
2.00722
2.01408
2.02042
2.0263
2.03172
2.03674
2.04136
2.04561
2.08657
2.09026
2.09362
2.09667
2.12473
2.14808
2.15061
2.15287
2.15487
2.15664
2.15817
2.17802
2.17926
2.19682
2.21261
2.22692
2.22781
2.2285
2.22901
2.22935
2.22952
2.22953
2.2424
2.25422
2.25403
2.2537
2.26455
2.27458
2.28386
2.29246
2.30044
2.30786
2.31474
2.32114
2.32708
2.3326
2.33773
2.34248
2.34688
2.35095
2.3547
2.35817
2.36135
2.36428
2.36695
2.36938
2.37159
2.37358
2.37537
2.37515
2.37481
2.37645
2.3779
2.37918
2.38029
2.38124
2.38203
2.38267
2.38317
2.38353
2.38376
2.41418
2.43556
2.45346
2.4691
2.48304
2.49562
2.50709
2.5176
2.52727
2.5362
2.54447
2.55214
2.55927
2.5659
2.57206
2.57781
2.58315
2.58813
2.59276
2.59707
2.60108
2.60479
2.60824
2.61143
2.61438
2.6171
2.61959
2.62188
2.62397
2.65068
2.66939
-0
-0
-0
-0
-0
-0
-0
-0
-0
-0
0.439497
0.413817
0.391244
0.371232
0.353359
0.33729
0.322757
0.309543
0.297472
0.286397
0.276195
0.266765
0.258019
0.49715
0.639556
0.621904
0.605291
0.589626
0.690695
0.67468
0.753828
0.818091
0.871024
0.915024
0.951814
0.982682
1.00862
1.03042
1.04871
1.064
1.07671
1.0872
1.07777
1.08711
1.09477
1.10094
1.10581
1.10953
1.11225
1.11407
1.11509
1.11542
1.11512
1.11427
1.11292
1.11114
1.10897
1.10645
1.10363
1.10052
1.09718
1.09362
1.08987
1.08595
1.08188
1.07768
1.07336
1.07663
1.07936
1.07559
1.0717
1.06772
1.06365
1.06707
1.07003
1.07254
1.07465
1.07639
1.07778
1.07884
1.07961
1.08011
1.08034
1.08034
1.08011
1.07968
1.07905
1.07825
1.07728
1.07615
1.07488
1.07348
1.07195
1.07031
1.14331
1.19411
1.23623
1.27265
1.30479
1.33354
1.35946
1.38299
1.40445
1.42408
1.44209
1.45866
1.47392
1.48799
1.50098
1.51298
1.52406
1.52066
1.53096
1.54049
1.5493
1.55745
1.56498
1.57192
1.56882
1.5753
1.57218
1.569
1.56574
1.56242
1.55904
1.5556
1.55548
1.55519
1.55475
1.55415
1.55342
1.55255
1.55156
1.55045
1.54922
1.54789
1.54552
1.54418
1.54184
1.53944
1.53698
1.53585
1.53342
1.53094
1.52841
1.52583
1.5232
1.52053
1.51781
1.51506
1.51227
1.50945
1.5066
1.50371
1.5008
1.49786
1.4949
1.54077
1.53757
1.53435
1.53111
1.52786
1.5246
1.52132
1.51803
1.51473
1.54651
1.57347
1.59726
1.59734
1.59382
1.59029
