-0
-0
-0
0.811278
0.970951
1
0.985228
0.954434
0.918296
0.881291
0.845351
0.811278
0.77935
0.749595
0.721928
0.696212
0.672295
0.650022
0.913283
0.884184
1.02304
1.11808
1.08893
1.15822
1.2098
1.24846
1.27736
1.29872
1.31415
1.32486
1.33176
1.33558
1.33689
1.33615
1.33371
1.32988
1.3249
1.31897
1.31226
1.30492
1.29705
1.28876
1.28013
1.27123
1.26212
1.25284
1.24345
1.23397
1.22444
1.34139
1.41511
1.47201
1.51805
1.55613
1.58803
1.61495
1.63775
1.65708
1.67345
1.68727
1.69889
1.70857
1.71655
1.72302
1.81119
1.86672
1.90965
1.94443
1.97322
1.99734
2.01766
2.03483
2.04933
2.06154
2.07175
2.08022
2.08715
2.09272
2.09707
2.10035
2.10265
2.10407
2.10471
2.10464
2.10392
2.10261
2.10078
2.09846
2.0957
2.09254
2.08902
2.08517
2.14849
2.18935
2.22157
2.24817
2.27061
2.28979
2.30629
2.32053
2.33285
2.34349
2.35265
2.36052
2.36721
2.37287
2.37758
2.38144
2.38452
2.38689
2.38862
2.38976
2.39035
2.39043
2.44166
2.47488
2.50118
2.52298
2.54146
2.55731
2.571
2.58287
2.59317
2.60211
2.60983
2.61649
2.62218
2.62701
2.63105
2.63437
2.63703
2.6391
2.64062
2.68437
2.68512
2.71336
2.73574
2.73582
2.75435
2.77008
2.7836
2.79531
2.80548
2.81431
2.82199
2.82864
2.83438
2.83929
2.84345
2.84694
2.8498
2.8521
2.85388
2.85517
2.85601
2.85644
2.85649
2.85618
2.85554
2.89244
2.91652
2.9357
2.95169
2.96531
2.97706
2.98727
2.99617
3.00394
3.01072
3.01662
3.02173
3.02613
3.02988
3.03305
3.03568
3.03781
3.03949
3.04074
3.0416
3.0421
3.04225
3.04208
3.04162
3.04088
3.07293
3.09392
3.1107
3.12473
3.13672
3.1471
3.15614
3.16406
3.17099
3.17706
3.18237
3.18699
3.19099
3.19442
3.19734
3.19979
3.22909
3.23098
3.23246
3.25148
3.26666
3.27935
3.29019
3.29956
3.30772
3.31485
3.32109
3.32654
3.3313
3.33543
3.33899
3.34204
3.34461
3.34675
3.34849
3.34985
3.35087
3.35157
3.35197
3.35209
3.35194
3.37808
3.3776
3.39468
3.39392
3.40756
3.41898
3.42876
3.43724
3.44464
3.45112
3.4568
3.46179
3.46615
3.46995
3.47325
3.47608
3.47848
3.48049
3.48215
3.48346
3.48447
3.48518
3.48562
3.4858
3.48574
3.48545
3.48496
3.50843
3.50766
3.52306
3.52207
