-0
1
1.58496
1.5
1.37095
1.25163
1.14883
1.06128
0.986427
0.921928
0.865857
0.816689
0.773228
0.73453
1.03892
1.18628
1.2772
1.33551
1.37271
1.39546
1.40798
1.41309
1.41274
1.40834
1.40092
1.39124
1.37988
1.36726
1.35374
1.33957
1.32496
1.31006
1.29499
1.27987
1.26476
1.24973
1.23482
1.22007
1.20551
1.34403
1.32753
1.41063
1.4731
1.52236
1.56206
1.59442
1.62092
1.64265
1.66042
1.67485
1.68645
1.69562
1.7027
1.70796
1.71164
1.71394
1.71503
1.71506
1.71414
1.7124
1.70992
1.7068
1.7973
1.85409
1.89785
1.93321
1.96239
1.98675
2.00722
2.02445
2.03893
2.05107
2.06116
2.06948
2.07623
2.08159
2.08572
2.08876
2.0908
2.09196
2.09233
2.16183
2.20577
2.23989
2.26764
2.2907
2.31008
2.32647
2.34035
2.35209
2.36199
2.37027
2.37713
2.38273
2.3872
2.39067
2.39322
2.39496
2.39594
2.39626
2.39596
2.39509
2.39372
2.39187
2.3896
2.44407
2.47896
2.50634
2.52884
2.54774
2.5638
2.57754
2.58931
2.5994
2.60803
2.61538
2.62158
2.62676
2.63103
2.63446
2.63714
2.63914
2.64051
2.6413
2.64157
2.64135
2.64069
2.63961
2.63815
2.68293
2.68087
2.67849
2.67581
2.67285
2.66963
2.69798
2.72048
2.73918
2.75506
2.76872
2.78054
2.79081
2.79974
2.8075
2.81423
2.82004
2.82501
2.82923
2.83277
2.83569
2.83803
2.83985
2.84118
2.87925
2.90399
2.92364
2.93997
2.95384
2.96578
2.9761
2.98508
2.99288
2.99965
3.00552
3.01057
3.01488
3.01854
3.02158
3.02407
3.02605
3.02757
3.02864
3.02932
3.02962
3.02957
3.02919
3.02851
3.02755
3.02632
3.02484
3.02313
3.05567
3.07698
3.09399
3.09183
3.10603
3.11817
3.12868
3.13783
3.14585
3.15287
3.15902
3.1644
3.16908
3.17314
3.17662
3.17959
3.18208
3.18412
3.18575
3.18701
3.18791
3.18849
3.18875
3.18873
3.18844
3.18789
3.18711
3.21562
3.23437
3.2494
3.26201
3.27282
3.2822
3.2904
3.2976
3.30394
3.3095
3.31439
3.31867
3.32239
3.3256
3.32836
3.33069
3.33263
3.3342
3.33543
3.36147
3.3623
3.36283
3.36309
3.36309
3.36285
3.36238
3.3792
3.39271
3.40406
3.41381
3.42229
3.42972
3.43625
3.44201
3.44708
3.45154
3.45546
3.45888
3.46184
3.46439
3.46655
3.46836
3.46984
3.47101
3.49453
3.51002
3.52245
3.53289
