-0
-0
-0
-0
-0
-0
-0
-0
-0
-0
0.439497
0.413817
0.391244
0.73453
0.905587
0.868393
0.834347
0.803072
0.774243
0.747585
0.892943
0.993897
0.966452
1.04085
1.09712
1.14012
1.11709
1.09491
1.07355
1.05298
1.03317
1.07208
1.10373
1.12948
1.15039
1.16727
1.18076
1.19141
1.19964
1.2058
1.21019
1.21306
1.21462
1.21506
1.21451
1.21311
1.21098
1.20822
1.20489
1.20109
1.19687
1.19229
1.18739
1.29845
1.29184
1.28506
1.35484
1.40964
1.4547
1.49259
1.48432
1.47595
1.46749
1.45898
1.49121
1.48263
1.47401
1.50201
1.52651
1.54802
1.56695
1.58363
1.59833
1.61128
1.62266
1.63263
1.64134
1.64891
1.65545
1.66105
1.6658
1.66977
1.74374
1.79234
1.83112
1.8635
1.86517
1.89265
1.91645
1.91729
1.9176
1.91742
1.93801
1.95612
1.97212
1.97142
1.97032
1.96885
1.96703
1.9649
1.96248
1.95979
1.95685
1.95369
1.95031
1.94673
1.94298
1.93906
1.93498
1.93076
1.92641
1.92195
1.91737
1.91268
1.90791
1.90305
1.89811
1.89309
1.88802
1.88288
1.87769
1.87245
1.86716
1.86184
1.87664
1.89016
1.90252
1.91384
1.9242
1.9337
1.94241
1.95038
1.95767
1.96434
1.97043
1.96561
1.96074
1.95583
1.95088
1.9459
1.94089
1.93585
1.93079
1.92571
1.92061
1.9155
1.91037
1.90523
1.90007
1.89491
1.88975
1.88457
1.8794
1.87422
1.86904
1.86387
1.8587
1.85353
1.84836
1.8432
1.83805
1.8329
1.82776
1.82264
1.8298
1.82472
1.83148
1.83782
1.84376
1.84933
1.85455
1.85943
1.86399
1.86826
1.87224
1.86759
1.87135
1.87485
1.8781
1.88112
1.88392
1.8865
1.88888
1.89107
1.89307
1.8889
1.88472
1.88055
1.87637
1.8784
1.88026
1.88196
1.87793
1.8739
1.87555
1.87157
1.86758
1.8636
1.85962
1.85563
1.85737
1.85896
1.86041
1.86173
1.86292
1.86399
1.86494
1.86578
1.86651
1.86712
1.90169
1.90207
1.92682
1.94785
1.96643
1.98318
1.99847
2.01254
2.02557
2.03768
2.04899
2.05958
2.06951
2.07885
2.07869
2.07844
2.07811
2.0777
2.07721
2.07664
2.07601
2.0753
2.07453
2.07369
2.07279
2.07183
2.07081
2.06974
2.06861
2.06545
2.06229
2.05911
2.05593
2.05274
2.04953
2.04632
2.04543
2.04449
2.0435
2.04246
2.04137
2.04023
2.03905
2.03783
2.03657
2.03526
-0
-0
-0
-0
-0
-0
0.591673
0.811278
0.918296
0.970951
0.94566
0.918296
0.890492
0.863121
0.918296
0.954434
0.977418
0.991076
0.998001
1
0.998364
0.99403
0.987693
0.979869
0.970951
0.961237
0.950956
0.940286
0.929364
0.918296
0.907166
0.896038
0.884964
0.873981
0.863121
0.852405
0.841852
0.831474
0.821281
0.811278
0.80147
0.791858
0.782444
0.921152
1.00998
1.07923
1.06634
1.05373
1.10973
1.15678
1.19686
1.23129
1.26105
1.28686
1.3093
1.32882
1.34581
1.36057
1.37337
1.38443
1.39395
1.40208
1.40898
1.41477
1.41956
1.42344
1.42651
1.42884
1.43051
1.51809
1.51819
1.57492
1.62002
1.65755
1.68948
1.717
1.74092
1.7618
1.78011
1.79618
1.81029
1.82267
1.83352
1.84299
1.85123
1.85835
1.86447
1.86967
1.87403
1.87764
1.88055
1.88282
1.88451
1.88566
1.88631
1.9502
1.99231
2.02602
2.05424
2.07839
2.09933
2.11764
2.13371
2.14788
2.16038
2.1714
2.18113
2.18015
2.17881
2.17712
2.17512
2.17283
2.17027
2.16745
2.1644
2.16114
2.15767
2.15807
2.15809
2.15777
2.15713
2.15619
2.15496
2.15348
2.15176
2.1498
2.14763
2.14527
2.14271
2.13998
2.13709
2.13405
2.13086
2.12754
2.12409
2.12052
2.11685
2.11307
2.1092
2.10523
2.10119
2.09706
2.09286
2.0886
2.08426
2.07988
2.07543
2.07529
2.07495
2.07442
2.07371
2.0696
2.06881
2.06786
2.06675
2.0655
2.06411
2.06258
2.06094
2.05917
2.05729
2.0553
2.05322
2.05103
2.04876
2.04639
2.04395
2.04142
2.03882
2.03615
2.03342
2.03062
2.02776
2.02484
2.02186
2.01884
2.01577
2.01265
2.00948
2.00628
2.00303
1.99975
1.99644
1.99309
1.9897
1.99993
1.99653
1.99309
1.98963
1.98615
1.98264
1.97911
1.98872
1.99774
2.00622
2.01418
2.02167
2.02871
2.03534
2.04158
2.04745
2.05297
2.05816
2.06304
2.06763
2.07194
2.07598
2.07977
2.08332
2.08664
2.08974
2.09263
2.08955
2.09227
2.0948
2.09715
2.09932
2.10132
2.10316
2.10485
2.10639
2.10778
2.10904
2.11017
2.11117
2.11204
2.1128
2.1442
2.16663
2.1856
2.20231
2.21733
2.23101
2.24356
2.25515
2.26591
2.27592
2.28526
2.29401
2.3022
