-0
1
1.58496
2
1.92193
1.79248
2.12809
2.15564
2.11328
2.04644
1.97175
2.22125
2.28778
2.29883
2.28259
2.25161
2.2125
2.16904
2.12348
2.07724
2.03118
1.98587
1.94165
1.8987
1.85716
1.81706
1.77842
1.74123
1.89759
1.97851
2.03141
2.06714
2.09103
2.10625
2.11491
2.1185
2.11808
2.11449
2.10835
2.10015
2.09031
2.07912
2.06685
2.05372
2.03989
2.02552
2.01072
2.11492
2.09859
2.15806
2.20096
2.23333
2.25812
2.27711
2.29152
2.30218
2.30974
2.31472
2.3175
2.3184
2.31769
2.39943
2.39644
2.44386
2.47856
2.50511
2.52575
2.54183
2.55426
2.56367
2.57056
2.57531
2.57823
2.57956
2.5795
2.57824
2.57593
2.57267
2.56859
2.56378
2.55832
2.55229
2.54574
2.60861
2.64667
2.67526
2.69775
2.71578
2.73032
2.74204
2.7514
2.75877
2.76442
2.76857
2.77142
2.8261
2.85918
2.88404
2.90359
2.91925
2.93187
2.94201
2.95008
2.9564
2.96119
2.96467
2.96697
2.96825
2.96861
2.96814
2.96693
2.96505
2.96257
3.00912
3.00582
3.03417
3.05569
3.0728
3.08665
3.09796
3.10718
3.11466
3.12064
3.12532
3.12886
3.1314
3.13304
3.13387
3.13398
3.13343
3.13229
3.1306
3.12842
3.12579
3.12274
3.11931
3.15884
3.18338
3.20222
3.21736
3.22977
3.24004
3.24854
3.25556
3.2613
3.26593
3.26958
3.30592
3.32841
3.34563
3.35944
3.37074
3.38005
3.38773
3.39404
3.39917
3.40327
3.40646
3.40884
3.4105
3.4115
3.41191
3.41178
3.41115
3.44384
3.46414
3.47972
3.49226
3.50254
3.51104
3.51808
3.52388
3.52862
3.53243
3.53542
3.53767
3.53927
3.54027
3.54073
3.54069
3.5402
3.53929
3.53799
3.53634
3.53436
3.53208
3.52951
3.52667
3.52358
3.52027
3.51674
3.51301
3.50908
3.50498
3.50072
3.49629
3.52454
3.54244
3.5564
3.56781
3.57732
3.58534
3.59213
3.59787
3.6027
3.60675
3.61009
3.6128
3.61494
3.61657
3.61772
3.61844
3.61876
3.61872
3.61833
3.61763
3.61663
3.61535
3.64092
3.65719
3.66993
3.68037
3.68912
3.69652
3.70281
3.70816
3.71269
3.7165
3.71968
3.72229
3.72438
3.726
3.72719
3.72798
3.72841
3.72851
3.75214
3.76719
3.77898
3.78866
3.79677
3.80363
3.80947
3.81444
3.81866
3.82221
3.82517
3.8276
3.82955
3.83107
3.83218
3.83293
3.83334
3.83343
3.83323
3.83276
