-0
1
0.918296
0.811278
0.721928
0.650022
0.591673
0.543564
0.503258
0.721928
0.845351
0.918296
0.961237
0.985228
0.996792
1
0.997503
0.991076
0.981941
0.970951
0.958712
0.94566
0.932112
0.918296
0.904381
0.890492
0.876716
0.863121
0.849751
0.836641
0.823812
0.99869
0.982603
1.08631
1.16374
1.22439
1.273
1.31243
1.34462
1.37095
1.39247
1.40998
1.42411
1.43537
1.44419
1.45091
1.45581
1.45915
1.46112
1.4619
1.46165
1.46048
1.45853
1.45588
1.45261
1.44882
1.55082
1.61525
1.66513
1.70559
1.73913
1.76729
1.79109
1.81128
1.82841
1.84292
1.85516
1.86544
1.87397
1.88098
1.88663
1.89106
1.89441
1.89679
1.8983
1.89902
1.97436
2.02237
2.02129
2.05853
2.08902
2.11455
2.13616
2.1546
2.17037
2.18387
2.1954
2.20522
2.21353
2.22049
2.22626
2.23095
2.23468
2.23753
2.23959
2.24093
2.24161
2.24099
2.23987
2.2383
2.2363
2.23391
2.23117
2.22811
2.22474
2.2211
2.2172
2.21307
2.20872
2.20417
2.19945
2.19455
2.1895
2.18431
2.17899
2.17355
2.168
2.16235
2.15661
2.15079
2.1449
2.14625
2.14721
2.1478
2.14805
2.14262
2.14268
2.14244
2.1372
2.13189
2.12651
2.12108
2.1156
2.11006
2.10449
2.09887
2.10352
2.10767
2.11138
2.10598
2.10055
2.104
2.10705
2.10972
2.11205
2.11405
2.11573
2.11713
2.11227
2.10738
2.10245
2.09749
2.0925
2.08748
2.08244
2.07737
2.07229
2.07416
2.07578
2.07715
2.07829
2.0792
2.07991
2.08393
2.08446
2.08481
2.08498
2.08497
2.0848
2.08448
2.08401
2.0834
2.08266
2.08179
2.0808
2.07969
2.07847
2.07714
2.07571
2.07419
2.07257
2.06926
2.06591
2.06253
2.05911
2.05565
2.05216
2.04864
2.0451
2.04153
2.03793
2.03431
2.03067
2.027
2.02332
2.01962
2.01591
2.01217
2.00843
2.00467
2.0009
1.99711
1.99332
1.98952
1.99321
1.99666
1.99991
2.00294
1.99927
1.99559
1.99191
1.98821
1.98451
1.98081
1.97709
1.97338
1.96966
1.96593
1.9622
1.95847
1.95474
1.95802
1.96111
1.96403
1.96677
1.96935
1.96578
1.96824
1.97054
1.9727
1.97472
1.97661
1.97836
1.97999
1.9815
1.98289
1.98417
1.98534
1.9864
2.01707
2.03921
2.05807
2.07478
2.08989
2.10371
2.11646
2.11704
2.12885
2.12931
2.12967
2.12996
2.13016
2.13027
2.13031
2.13028
2.13017
-0
1
0.918296
0.811278
0.721928
0.650022
0.591673
0.543564
0.503258
0.468996
0.439497
0.413817
0.391244
0.371232
0.699843
0.868393
0.978016
1.05294
1.10501
1.14115
1.16578
1.1819
1.1916
1.19642
1.19748
1.19562
1.1915
1.18562
1.17836
1.17003
1.17023
1.16865
1.16561
1.16138
1.15618
1.15019
1.14355
1.13638
1.228
1.29709
1.35173
1.39593
1.43211
1.42268
1.45276
1.47775
1.49849
1.48973
1.48066
1.49869
1.48976
1.48062
1.47129
1.46183
1.47846
1.49261
1.50462
1.49613
1.48752
1.47879
1.46999
1.46112
1.47303
1.48331
1.49214
1.49967
1.50603
1.51135
1.51572
1.51923
1.52197
1.524
1.51838
1.52009
1.52122
1.52181
1.52191
1.52156
1.60024
1.65218
1.69374
1.72853
1.7583
1.78411
1.80667
1.8265
1.84399
1.85944
1.87311
1.8852
1.89587
1.90527
1.91353
1.92076
1.92705
1.93248
1.93713
1.9995
2.04057
2.0734
2.10088
2.12439
2.14475
2.16254
2.17815
2.18058
2.17797
2.17508
2.17192
2.16852
2.17088
2.1727
2.17402
2.17488
2.17531
2.17535
2.22776
2.26243
2.29028
2.30298
2.31424
2.32423
2.33309
2.34092
2.34784
2.37023
2.38949
2.40627
2.421
2.434
2.4455
2.4557
2.46474
2.47275
2.47982
2.48606
2.49152
2.49629
2.50042
2.50395
2.50694
2.51243
2.51724
2.52143
2.52505
2.52814
2.53073
2.53287
2.53553
2.53774
2.53952
2.54092
2.54194
2.54263
2.54299
2.58261
2.60905
2.63043
2.64851
2.64814
2.66374
2.70148
2.72655
2.74676
2.7479
2.76489
2.77955
2.79235
2.80363
2.8136
2.82245
2.83031
2.8373
2.8435
2.84898
2.84799
2.84676
2.84531
2.84366
2.84181
2.83977
2.8519
2.86261
2.87213
2.88061
2.88818
2.89493
2.90096
2.90632
2.91109
2.9153
2.91901
2.92225
2.92699
2.93119
2.93489
2.93814
2.94096
2.94338
2.94544
2.94716
2.94855
2.94964
2.95045
2.95099
2.95128
2.98114
2.98108
2.98392
2.98639
3.01565
3.01765
3.01932
3.02069
3.02177
3.02258
3.02314
3.02345
3.02355
3.02343
3.04245
3.05793
3.0711
3.08255
3.09265
3.10161
3.10961
3.11677
3.1232
3.12897
3.13415
3.13879
3.14295
3.14665
3.14994
3.15284
3.15539
3.15761
3.15951
3.15914
3.1586
3.17595
3.19008
3.20211
3.21258
3.2218
3.23
3.23732
3.24388
3.24977
3.25505
3.2598
3.26124
3.26241
3.28661
3.28747
-0
-0
-0
-0
-0
-0
-0
-0
-0
-0
-0
-0
-0
-0
-0
-0
-0
0.309543
0.297472
0.286397
0.453716
0.574636
0.558629
0.650022
0.63431
0.706274
0.69129
0.749595
0.735509
0.721928
0.708836
0.696212
0.684038
0.672295
0.660962
0.650022
0.699772
0.689202
0.678954
0.669016
0.712064
0.749595
0.782444
0.811278
0.836641
0.858981
0.878674
0.896038
0.911342
0.924819
0.936667
0.947062
0.956155
0.964079
0.970951
0.976874
0.981941
0.986233
0.989822
0.992774
0.995148
0.996995
0.998364
0.999295
0.998463
0.999338
0.999839
1
0.999848
0.999411
0.999857
0.999443
0.998781
0.997891
0.996792
0.995499
0.99403
0.992399
0.990617
0.988699
0.986655
0.984496
0.982231
0.979869
0.977418
