-0
1
1.58496
2
1.92193
2.25163
2.23593
2.15564
2.05881
1.96096
2.22219
2.28416
2.4997
2.54952
2.54926
2.5244
2.48633
2.44107
2.39208
2.34145
2.29046
2.23994
2.40057
2.46709
2.5005
2.51471
2.51642
2.50954
2.49659
2.47926
2.45877
2.43599
2.41159
2.38604
2.35972
2.33293
2.30588
2.27875
2.25166
2.22474
2.19805
2.17166
2.14562
2.11997
2.09472
2.06991
2.04554
2.02162
1.99816
1.97516
1.95261
1.93052
1.90888
1.88769
1.86692
1.84659
1.82668
1.80718
1.9005
1.88058
1.93764
1.98107
2.01571
2.04393
2.06716
2.08636
2.10223
2.11529
2.12595
2.13453
2.14132
2.14653
2.15035
2.22457
2.2704
2.27185
2.30657
2.33435
2.35705
2.37578
2.39129
2.40411
2.41466
2.42325
2.43015
2.43555
2.43964
2.50162
2.53992
2.56916
2.59254
2.61163
2.62736
2.64034
2.65104
2.65978
2.66685
2.67245
2.67676
2.67992
2.68207
2.73526
2.76814
2.79327
2.81338
2.8298
2.84333
2.8545
2.86368
2.87118
2.87721
2.88196
2.88557
2.88818
2.88989
2.89079
2.89096
2.93696
2.96548
2.98734
3.00489
3.01926
3.03113
3.04095
3.04906
3.05569
3.06105
3.06528
3.06851
3.07086
3.0724
3.07323
3.11397
3.13927
3.15867
3.17427
3.18706
3.19763
3.20638
3.21361
3.21953
3.2243
3.22807
3.23094
3.23301
3.23437
3.27112
3.29393
3.31144
3.3255
3.32584
3.33735
3.34688
3.35478
3.3613
3.36664
3.37095
3.37434
3.37693
3.41057
3.43143
3.44743
3.46028
3.4708
3.47949
3.48668
3.49258
3.4974
3.50126
3.50427
3.50653
3.50811
3.50908
3.50949
3.5094
3.50884
3.50786
3.50648
3.50473
3.50265
3.53269
3.55144
3.56592
3.57761
3.58724
3.59526
3.60194
3.60748
3.61206
3.61578
3.61874
3.62103
3.62271
3.62384
3.62446
3.62463
3.65223
3.66948
3.6828
3.69358
3.70247
3.70987
3.71604
3.72117
3.72541
3.72886
3.75496
3.75761
3.77382
3.78632
3.79641
3.80472
3.81161
3.81735
3.8221
3.826
3.82916
3.83166
3.83356
3.83493
3.83581
3.83625
3.83628
3.83594
3.83526
3.83425
3.85818
3.87315
3.87175
3.8833
3.89267
3.90041
3.90686
3.91225
3.91674
3.92045
3.92348
3.9259
3.94856
3.96272
3.97365
3.98249
3.98979
3.99585
4.00091
4.00511
4.00857
4.01137
4.01359
4.0153
4.01653
4.01734
4.01776
4.03906
4.05237
4.06266
-0
-0
-0
-0
-0
-0
-0
-0
-0
-0
-0
-0
-0
-0
-0
-0
-0
0.309543
0.485461
0.60984
0.702467
0.773227
0.828056
0.870864
0.904381
0.930586
0.950956
0.966619
0.978449
0.987138
0.993234
0.99718
0.999338
1
0.999411
0.997772
0.995253
0.991992
0.988111
0.983708
1.12514
1.21306
1.28013
1.33378
1.37767
1.41403
1.44437
1.46978
1.49107
1.50889
1.52375
1.53605
1.54614
1.5543
1.56078
1.56577
1.56946
1.57199
1.5735
1.5741
1.57389
1.57297
1.5714
1.56925
1.5666
1.56348
1.55996
1.55607
1.55185
1.54735
1.63235
1.68749
1.73105
1.76708
1.79755
1.82365
1.84618
1.86572
1.88271
1.89749
1.91035
1.92151
1.93117
1.93948
1.94658
1.9526
1.95763
1.96177
2.02861
2.03134
2.07432
2.10833
2.13651
2.16038
2.18085
2.19853
2.21387
2.22721
2.2388
2.24886
2.25756
2.26505
2.27146
2.27689
2.28143
2.28516
2.28815
2.29047
2.29218
2.29332
2.29393
2.29407
2.29376
2.29593
2.29755
2.29865
2.29928
2.29629
2.29305
2.2896
2.28594
2.28663
2.28692
2.29121
2.29489
2.34346
2.3756
2.40143
2.42315
2.46958
2.50013
2.54544
2.59016
2.61936
2.66302
2.69142
2.73408
2.7617
2.78357
2.82488
2.85149
2.87248
2.91252
2.95207
2.99114
3.02975
3.05429
3.07346
3.11094
3.14798
3.18459
3.22078
3.25656
3.27895
3.31402
3.34869
3.38299
3.40425
3.43787
3.45864
3.49162
3.52425
3.55654
3.58849
3.6201
3.63934
3.67037
3.68918
3.71966
3.73806
3.76799
3.79762
3.82696
3.85601
3.88477
3.91326
3.93017
3.94269
3.97051
3.99807
4.01431
4.04141
4.05733
4.06902
4.07797
4.08491
4.11111
4.12645
4.15224
4.16727
4.17824
4.18657
4.21167
4.22625
4.25097
4.26527
4.27563
4.29983
4.32383
4.33763
4.36127
4.37482
4.38454
4.40772
4.42094
4.44378
4.46643
4.47928
4.48843
4.49519
4.5173
4.5298
4.55161
4.57324
4.5947
4.60674
4.61521
4.62139
4.64236
4.65408
4.66231
4.6829
4.69437
4.7024
4.7082
4.71237
4.73243
4.74357
4.75134
4.75695
4.76095
4.7805
4.79133
4.81064
4.8213
4.8287
4.834
4.85291
4.86331
4.882
4.90055
4.9107
4.91769
4.92264
4.92609
4.9442
4.9541
4.96089
4.97872
4.98843
5.00605
5.01262
5.01722
5.02672
5.044
5.05336
-0
-0
-0
0.811278
0.970951
1
0.985228
1.40564
1.53049
1.84644
1.93626
1.95915
1.95006
1.92417
2.14926
2.22722
2.25691
2.26078
2.24929
2.42322
2.48879
2.5172
2.52469
2.66937
2.72489
2.71645
2.69993
2.67787
2.70693
2.71937
2.83724
2.8867
2.99513
3.03965
3.06127
3.06921
3.16552
3.25778
3.295
3.31241
3.3179
3.31529
3.39754
3.43136
3.44763
3.45323
3.45151
3.44444
3.43335
3.50612
3.53739
3.52284
3.50595
3.52304
3.53109
3.53281
3.59825
3.62739
3.68986
3.71732
3.7319
3.73848
3.73944
3.73619
3.72966
3.72054
3.77692
3.80255
3.79108
3.77795
3.79273
3.80057
3.80348
3.85536
3.87944
3.89322
3.94266
3.96543
3.97209
3.97427
3.98716
3.98599
3.99296
4.03859
4.04089
4.06205
4.06107
4.07332
4.07997
4.07669
4.07139
4.06441
4.05602
4.04643
4.03583
4.02435
4.01212
