-0
1
0.918296
1
0.970951
0.918296
0.863121
0.811278
0.764205
0.721928
0.684038
0.650022
0.619382
0.591673
0.56651
0.543564
0.522559
0.503258
0.629249
0.721928
0.702467
0.684038
0.666578
0.650022
0.63431
0.619382
0.605187
0.591673
0.578795
0.56651
0.554778
0.543564
0.532835
0.522559
0.512709
0.503258
0.494183
0.485461
0.477071
0.633805
0.734993
0.814227
0.879174
0.933646
0.979971
1.01973
1.05406
1.08383
1.10973
1.13228
1.15195
1.16908
1.184
1.19696
1.20818
1.21786
1.22616
1.23323
-0
1
0.918296
1
0.970951
0.918296
0.863121
0.811278
0.764205
0.721928
0.684038
0.650022
0.619382
0.591673
0.56651
0.543564
0.522559
0.503258
0.629249
0.721928
0.702467
0.684038
0.666578
0.650022
0.63431
0.619382
0.605187
0.591673
0.578795
0.56651
0.554778
0.543564
0.532835
0.522559
0.512709
0.503258
0.494183
0.485461
0.477071
0.633805
0.734993
0.814227
0.879174
0.933646
0.979971
1.01973
1.05406
1.08383
1.10973
1.13228
1.15195
1.16908
1.184
1.19696
1.20818
1.21786
1.22616
1.23323
