-0
1
0.918296
0.811278
0.721928
0.650022
0.591673
0.543564
0.986427
1.15678
1.24067
1.28067
1.29574
1.29584
1.28669
1.27178
1.26393
1.25163
1.23639
1.21924
1.20091
1.1819
1.16256
1.14316
1.12386
1.10479
1.08605
1.26955
1.3732
1.44644
1.50069
1.54162
1.57262
1.59599
1.61332
1.62581
1.63437
1.63971
1.64237
1.64282
1.64141
1.63846
1.6342
1.62885
1.62258
1.61553
1.60784
1.5996
1.59091
1.58184
1.57924
1.57064
1.56175
1.55263
1.54331
1.53384
1.52426
1.51458
1.50483
1.49505
1.48524
1.47542
1.4656
1.45581
1.45997
1.45063
1.45432
1.45721
1.45937
1.46087
1.46177
1.46213
1.46199
1.4614
1.45512
1.44876
1.44233
1.43584
1.42931
1.42274
1.41613
1.40951
1.40287
1.39623
1.38958
1.38293
1.37629
1.36966
1.36305
1.35646
1.34988
1.34334
1.33682
1.33033
1.32387
1.31744
1.31105
1.3047
1.29839
1.29211
1.28588
1.27968
1.34611
1.33952
1.33297
1.32647
1.37181
1.40944
1.44201
1.47079
1.49655
1.48946
1.48243
1.47545
1.46853
1.46166
1.45485
1.44809
1.44139
1.43474
1.42814
1.4216
1.41512
1.40868
1.4023
1.39598
1.38971
1.38348
1.37732
1.39994
1.39378
1.38767
1.38162
1.37561
1.36965
1.36375
1.35789
1.35208
1.34632
1.34061
1.33495
1.3554
1.37437
1.39203
1.40852
1.42395
1.43843
1.45202
1.4648
1.47684
1.48818
1.49887
1.50897
1.5185
1.5275
1.53601
1.54405
1.55165
1.55883
1.56562
1.57204
1.5781
1.58383
1.58923
1.59434
1.59915
1.60369
1.60796
1.61199
1.61577
1.61933
1.62267
1.62579
1.62872
1.63146
1.63401
1.63638
1.63858
1.64063
1.64251
1.64425
1.64584
1.64729
1.64861
1.64981
1.65088
1.65183
1.65267
1.65339
1.64974
1.64608
1.64243
1.63878
1.63513
1.63148
1.63243
1.63327
1.63401
1.63466
1.63521
1.63568
1.63605
1.63635
1.63657
1.6367
1.63677
1.63676
1.63668
1.63653
1.63632
1.63604
1.6357
1.63531
1.63485
1.63435
1.63379
1.63317
1.63251
1.6318
1.63104
1.63024
1.62939
1.62851
1.62758
1.62661
1.6256
1.62456
1.62348
1.62237
1.62122
1.6192
1.61806
1.61607
1.61494
1.61297
1.61099
1.6099
1.60879
1.60765
1.60648
1.60528
1.60405
1.6028
1.60152
1.60022
1.5989
1.59755
1.59618
1.59479
1.59337
1.59194
1.59049
1.58902
1.58764
1.58624
1.58481
-0
-0
-0
-0
-0
-0
-0
-0
-0
-0
-0
-0
-0
-0
-0
-0
-0
-0
-0
-0
-0
-0
-0
-0
-0
-0
-0
-0
-0
-0
-0
-0
-0
-0
-0
-0
-0
-0
0.172037
0.286397
0.377646
0.453716
0.51857
0.574636
0.62357
0.761111
0.850914
0.921887
0.980572
1.03021
1.07277
1.10959
1.14164
1.16966
1.19423
1.21581
1.23478
1.25146
1.26611
1.27896
1.2902
1.30001
1.30853
1.31589
1.34342
1.36771
1.38921
1.40826
1.42517
1.44017
1.45348
1.46527
1.47569
1.48488
1.49295
1.5
1.49338
1.48671
1.47997
1.4732
1.46639
1.45955
1.45269
1.44583
1.45371
1.46076
1.46706
1.47265
1.4776
1.48195
1.48575
1.48904
1.49184
1.49421
1.56274
1.55728
1.55177
1.54621
1.54062
1.535
1.52935
1.52368
1.518
1.5123
1.50659
1.50088
1.49516
1.48944
1.48373
1.47802
1.47232
1.46663
1.46096
1.46519
1.50708
1.51065
1.50503
1.49942
1.49382
1.48824
1.48267
1.47713
1.4716
1.46609
1.4606
1.45514
1.44969
1.44427
1.43888
1.43351
1.42816
1.42284
1.45528
1.48366
1.509
1.53191
1.5528
1.57197
1.58963
1.60597
1.60028
1.59461
1.58897
1.58336
1.57778
1.57223
1.56671
1.56121
1.55574
1.55031
1.5449
1.53952
1.53417
1.52886
1.52357
1.51831
1.51308
1.50788
1.50272
1.49758
1.51272
1.52691
1.54025
1.5528
1.5477
1.54262
1.53758
1.53256
1.52757
1.52261
1.51767
1.51277
1.50789
1.50304
1.49822
1.49342
1.48866
1.48392
1.47921
1.47452
1.46987
1.46524
1.46063
1.45606
1.45151
1.44699
1.44249
1.43802
1.43358
1.42917
1.44114
1.48063
1.50939
1.534
1.55589
1.57573
1.57095
1.56621
1.56149
1.5568
1.55214
1.5475
1.54289
1.53831
1.53375
1.52923
1.52472
1.52025
1.5158
1.51137
1.50697
1.5026
1.49825
1.49393
1.48963
1.50725
1.52361
1.53891
1.55328
1.56681
1.5796
1.59171
1.6032
1.61412
1.62452
1.6583
1.68301
1.70421
1.72312
1.7403
1.7561
1.75142
1.74677
1.74213
1.73752
1.73294
1.72838
1.72384
1.71933
1.71484
1.71037
1.70593
1.70151
1.69711
1.69274
1.68839
1.68406
1.67975
1.67546
1.6712
1.68554
1.69896
1.71159
1.72351
1.73479
1.74549
-0
-0
-0
-0
-0
-0
-0
-0
-0
-0
-0
-0
-0
-0
-0
-0
-0
-0
-0
-0
-0
-0
-0
-0
-0
-0
-0
-0
0.216397
0.353359
0.345117
0.33729
0.439497
0.522559
0.591673
0.650022
0.699772
0.742488
0.77935
0.811278
0.839004
0.863121
0.884115
0.902393
0.918296
0.932112
0.944087
0.954434
0.963336
0.970951
0.977418
0.982859
0.98738
0.991076
0.99403
0.996317
0.998001
0.999142
0.999793
1
0.999806
0.999249
0.998364
0.99718
0.995727
0.99403
0.992112
0.989993
0.992563
0.994694
0.99642
0.997772
0.998781
0.999473
0.999872
1
0.999878
0.999526
0.99896
0.998196
0.99725
0.996134
0.994863
