-0
-0
-0
-0
-0
-0
-0
-0
-0
-0
-0
-0
0.391244
0.591673
0.721928
0.811278
0.873981
0.918296
0.899744
0.934068
0.958712
0.976021
0.987693
0.994985
0.998846
1
0.99901
0.996317
0.992267
0.987138
0.981152
1.15111
1.25153
1.32513
1.38173
1.4262
1.4615
1.48962
1.51196
1.52959
1.54332
1.55379
1.56152
1.56693
1.57036
1.56445
1.55784
1.56105
1.56279
1.56323
1.56256
1.56092
1.55843
1.5552
1.55133
1.54689
1.54195
1.53659
1.53085
1.52479
1.51844
1.51185
1.50504
1.49806
1.49092
1.48365
1.47627
1.4688
1.46126
1.45365
1.44601
1.43833
1.43063
1.42291
1.4152
1.40748
1.39978
1.4808
1.53468
1.578
1.61443
1.64574
1.673
1.69695
1.71811
1.73686
1.75353
1.76837
1.83738
1.88282
1.91914
1.94951
1.97547
1.99796
2.0176
2.03483
2.04999
2.06336
2.07515
2.08553
2.09466
2.10266
2.10964
2.16759
2.20552
2.23574
2.26094
2.28242
2.30097
2.31711
2.33121
2.34355
2.35438
2.36385
2.37213
2.37934
2.38558
2.39095
2.39552
2.44509
2.47741
2.5031
2.5245
2.5427
2.55838
2.57198
2.58383
2.59417
2.6032
2.61106
2.61788
2.62377
2.62882
2.63311
2.63669
2.63964
2.68268
2.71067
2.73291
2.7514
2.76712
2.78064
2.79236
2.80254
2.81141
2.81912
2.82582
2.8316
2.83656
2.84078
2.84432
2.84725
2.84961
2.85145
2.88927
2.91385
2.93337
2.94959
2.96338
2.97523
2.98549
2.99441
3.00216
3.00889
3.01471
3.01973
3.02402
3.02765
3.03067
3.03314
3.03511
3.03661
3.03768
3.03834
3.03864
3.03858
3.03821
3.03753
3.03656
3.06931
3.09068
3.10772
3.12194
3.13406
3.14453
3.15362
3.16156
3.16848
3.17453
3.17979
3.18435
3.18827
3.19162
3.19444
3.19677
3.19866
3.20014
3.20123
3.20197
3.20237
3.23166
3.2508
3.26607
3.27881
3.27867
3.28953
3.29892
3.30709
3.31422
3.32046
3.32591
3.33066
3.33478
3.33833
3.34136
3.34392
3.34604
3.37293
3.37455
3.37579
3.3767
3.37728
3.37756
3.39484
3.40863
3.42016
3.43001
3.43853
3.44595
3.45243
3.4777
3.49417
3.50728
3.51272
3.52361
3.53288
3.54088
3.54782
3.55386
3.55913
3.56371
3.56768
3.5711
3.57402
3.5977
3.60009
3.60206
3.61735
3.62951
3.63964
3.64825
3.65567
3.65713
3.65825
3.66466
3.67023
-0
-0
-0
-0
-0
-0
-0
-0
-0
-0
-0
-0
-0
-0
-0
-0
0.322757
0.503258
0.629249
0.721928
0.791858
0.845351
0.886541
0.918296
0.942683
0.961237
0.975119
0.985228
0.992267
0.996792
0.999249
1
0.999338
1.16138
1.15618
1.15019
1.2443
1.23639
1.228
1.29709
1.35173
1.39593
1.43211
1.46193
1.48655
1.50687
1.52357
1.5372
1.54822
1.55697
1.56377
1.56886
1.57247
1.57479
1.57595
1.57612
1.57539
1.67389
1.73557
1.78302
1.82127
1.8528
1.87907
1.90111
1.91964
1.9352
1.94823
1.95907
1.96799
1.97524
1.98101
1.98547
1.98877
1.99102
1.99234
1.99282
1.99256
1.99161
1.99005
1.98794
1.98533
1.98226
1.97879
1.97495
2.04399
2.08837
2.12324
2.11809
2.11266
2.10698
2.10107
2.12946
2.12327
2.11691
2.11037
2.13433
2.15496
2.17285
2.18844
2.20205
2.21395
2.22434
2.23339
2.24124
2.24802
2.25382
2.25875
2.26287
2.26626
2.26898
2.32269
2.3577
2.38552
2.40867
2.42835
2.4453
2.46
2.46111
2.4739
2.48507
2.49482
2.50333
2.51073
2.51714
2.52264
2.52734
2.53129
2.53456
2.53721
2.53929
2.54084
2.54191
2.54252
2.54272
2.54253
2.54198
2.54109
2.54257
2.53871
2.53468
2.53049
2.52617
2.5217
2.51712
2.51241
2.5076
2.50984
2.51166
2.51307
2.51412
2.51481
2.51518
2.51524
2.51502
2.51453
2.51378
2.5128
2.51508
2.51697
2.51851
2.51971
2.5206
2.52119
2.52149
2.52632
2.56419
2.58969
2.62684
2.65177
2.67201
2.6892
2.7251
2.74908
2.76849
2.78492
2.79915
2.81162
2.8459
2.86868
2.88705
2.90255
2.91593
2.92761
2.96041
2.98208
2.99951
3.01417
3.02677
3.03775
3.04737
3.05586
3.08694
3.10738
3.12375
3.13748
3.16767
3.18743
3.20322
3.21642
3.22771
3.25688
3.27589
3.29103
3.30365
3.31441
3.32369
3.35175
3.36996
3.38442
3.39644
3.40665
3.43382
3.45138
3.46528
3.4919
3.50904
3.52257
3.53376
3.54322
3.56903
3.58558
3.61102
3.6273
3.64009
3.65061
3.65946
3.68416
3.69989
3.71223
3.72235
3.74645
3.76176
3.77372
3.78351
3.80706
3.82195
3.83356
3.84304
3.85094
3.87384
3.88827
3.89949
3.92198
3.93612
3.94708
3.95598
3.96336
3.98526
3.99897
4.00958
4.01817
4.02527
4.0466
4.05992
4.07019
4.07849
-0
-0
0.918296
1
1.52193
1.58496
1.55666
1.5
1.83659
1.92193
1.93626
2.18872
2.25776
2.27094
2.25656
2.22722
2.18954
2.14735
2.3318
2.50161
2.65868
2.71369
2.73394
2.7347
2.72322
2.85367
2.90244
2.92268
3.03829
3.08119
3.09853
3.10091
3.09347
3.19392
3.2327
3.21768
3.19804
3.17501
3.195
3.20266
3.28997
3.32634
3.40834
3.44191
3.45795
3.46333
3.46139
3.53537
3.56613
3.58115
3.58653
3.65466
3.683
3.69682
3.76072
3.82279
3.84806
3.87289
3.87619
3.87372
3.88574
3.88984
3.94569
3.94375
3.93775
3.92861
3.95203
4.0045
4.02676
4.0379
4.04212
4.09157
4.11254
4.12301
4.12693
4.1737
4.21949
4.23871
4.24813
4.29197
4.31026
4.31912
4.32207
4.32515
4.36655
4.38392
4.39241
4.4322
4.44881
4.45684
4.49514
4.51105
4.51866
4.52106
4.55774
4.57297
4.58026
4.61567
4.6303
4.63724
4.63934
4.63796
4.67178
4.67389
4.66985
4.66374
4.65594
4.64673
4.63634
4.62495
4.6127
4.62726
4.63499
4.66687
4.68092
4.71207
4.7257
4.73281
4.76305
4.77622
4.8058
4.8186
4.82515
4.82774
4.8343
4.83696
4.86521
4.87749
4.88382
4.88636
4.91372
4.91341
4.91592
4.91358
4.90958
4.90962
4.90762
4.90782
4.90601
4.90258
4.91445
4.92092
4.92394
4.94952
4.96102
4.96727
4.96768
4.96619
4.96316
4.95886
4.95349
4.94719
4.94009
4.93629
4.93145
4.92569
4.91831
4.91032
4.90179
4.89277
4.88333
4.8735
4.86333
4.85783
4.85165
4.84488
4.83485
4.82454
4.8291
4.8315
4.83223
4.8316
4.82982
4.82708
4.82349
4.81918
4.84227
4.86514
4.87664
4.88385
4.88833
4.89963
4.90674
4.91114
4.91357
4.91445
4.91692
4.91786
4.91755
4.9162
4.91395
4.91093
4.90723
4.90293
4.8981
4.89278
4.88704
4.8809
4.8744
4.86759
4.86048
4.8531
4.84547
4.83761
4.83829
4.83029
4.85108
4.86208
4.86177
4.85365
4.84536
4.8369
4.82829
4.81955
4.81067
4.81821
4.82346
4.84357
4.85439
4.86172
4.86679
4.8702
4.87361
4.87572
4.87677
4.87692
4.8763
4.89558
4.90599
4.90464
4.9027
4.90024
4.89199
4.88914
4.88586
4.8822
4.87819
4.88053
4.88186
4.8776
4.88474
4.8802
4.88076
4.88059
4.89895
4.90904
4.91602
4.93408
4.94398
4.95081
4.95565
4.95903
4.96385
4.96721
4.96944
4.97072
-0
1
0.918296
1
0.970951
0.918296
0.863121
0.811278
0.764205
0.721928
1.0958
1.04085
0.991264
0.946373
0.905587
0.868393
0.834347
0.803072
0.774243
0.747585
0.856996
0.937301
1.15457
1.27301
1.46438
1.56633
1.63482
1.70033
1.73363
1.75668
1.80092
1.83246
1.87451
1.8961
1.91077
1.94054
1.96194
1.97689
1.99203
2.00218
2.0083
2.01115
1.99415
1.97687
2.08668
2.14893
2.25176
2.35094
2.40588
2.4592
2.49619
2.52288
2.54221
2.55595
2.5905
2.61552
2.63373
2.64673
2.65562
2.66118
2.66398
2.66449
2.66305
2.65997
2.65547
2.64976
2.64301
2.71473
2.75568
2.82434
2.86318
2.92901
2.96591
2.99187
3.01741
3.03607
3.04977
3.05962
3.06641
3.07067
3.07281
3.09078
3.10414
3.11392
3.12084
3.12142
3.12052
3.11833
3.11502
3.11074
3.11605
3.13874
3.15584
3.16886
3.17871
3.18196
3.18364
3.18397
3.19144
3.19683
3.20047
3.2026
3.25036
3.27811
3.32451
3.37017
3.3964
3.42228
3.44087
3.4548
3.473
3.48662
3.49689
3.50454
3.51007
3.51383
3.51608
3.51704
3.51687
3.52701
3.53469
3.54035
3.54434
3.5469
3.54822
3.54847
3.54778
3.54624
3.54395
3.56057
3.57328
3.58312
3.59071
3.59646
3.60068
3.60358
3.60535
3.60612
3.606
3.64144
3.67644
3.69694
3.71195
3.72341
3.73227
3.73908
3.7588
3.77322
3.78422
3.7927
3.79921
3.80411
3.80901
3.81257
3.81614
3.81856
3.81999
3.82054
3.85155
3.88223
3.90016
3.91326
3.92326
3.93096
3.93686
3.94128
3.95853
3.97114
3.97421
3.97624
3.97735
3.97766
3.97725
3.9762
3.97458
3.97244
3.96983
3.96678
3.96334
3.95953
3.98704
4.0033
4.0153
4.02455
4.03178
4.0374
4.04171
4.04492
4.07114
4.08661
4.09799
4.10675
4.11356
4.11884
4.12287
4.12584
4.12791
4.12917
4.12973
4.12967
4.12905
4.12791
4.12632
4.1243
4.14866
4.16311
4.17381
4.18209
4.18857
4.19364
4.19755
4.20048
4.20256
4.20391
4.22709
4.24083
4.25099
4.25884
4.26499
4.26978
4.27348
4.27623
4.27818
4.30036
4.31349
4.32318
4.33066
4.33651
4.34106
4.34454
4.34713
4.36847
4.38107
4.39036
4.39751
4.40308
4.40741
4.41071
4.43134
4.44348
4.45242
4.45929
4.46462
4.46874
4.47187
4.47415
4.47571
4.47663
4.47698
4.4967
4.50831
4.51686
4.52342
4.52852
4.53247
4.53546
-0
-0
-0
-0
-0
-0
-0
0.543564
0.764205
0.881291
0.845351
0.811278
0.890492
0.940286
0.970951
0.988699
0.997503
1
0.998001
0.992774
0.985228
0.976021
0.965636
0.954434
0.942683
0.930586
1.12466
1.23535
1.31415
1.37302
1.41788
1.45231
1.47871
1.49875
1.5137
1.5245
1.53189
1.53646
1.6691
1.74603
1.80168
1.84385
1.87637
1.90158
1.92103
1.93583
2.04319
2.10505
2.14959
2.18314
2.20879
2.22841
2.24326
2.25423
2.26199
2.26709
2.26992
2.35644
2.40655
2.44282
2.47025
2.49131
2.50745
2.51967
2.52868
2.53502
2.60909
2.65189
2.68282
2.70616
2.72399
2.73758
2.74777
2.75515
2.76018
2.76322
2.76455
2.82806
2.86489
2.89158
2.91179
2.92728
2.93911
2.94798
2.95442
2.9588
2.96143
2.96254
2.96234
2.96098
2.95861
2.95535
2.95128
2.94651
2.94111
2.93514
2.92866
2.92174
2.91441
2.90671
2.89869
2.89038
2.94117
2.97189
2.99497
3.01312
3.02765
3.03934
3.04873
3.05619
3.062
3.06639
3.11232
3.14001
3.16077
3.17705
3.19004
3.20046
3.20877
3.21532
3.22037
3.22412
3.22673
3.22833
3.22903
3.22894
3.22812
3.22665
3.2246
3.26487
3.28934
3.3078
3.32239
3.33411
3.34359
3.35124
3.35734
3.36212
3.36574
3.36836
3.37009
3.37101
3.37121
3.37077
3.36974
3.36817
3.36611
3.3636
3.36069
3.35739
3.35375
3.34979
3.38473
3.40629
3.42276
3.43593
3.44668
3.45551
3.46277
3.4687
3.47349
3.47728
3.4802
3.48233
3.48376
3.48456
3.48478
3.48448
3.4837
3.48248
3.48085
3.47885
3.4765
3.47384
3.47087
3.46764
3.46414
3.4604
3.45645
3.45228
3.44792
3.47813
3.49713
3.51186
3.52382
3.53374
3.54204
3.549
3.55484
3.55971
3.56372
3.56698
3.56957
3.57154
3.57296
3.57388
3.57434
3.57438
3.57403
3.57331
3.57226
3.5709
3.56925
3.56733
3.56515
3.56274
3.56011
3.58693
3.60396
3.61727
3.62816
3.63726
3.64495
3.65146
3.65698
3.66165
3.66556
3.66881
3.67146
3.67356
3.67517
3.67634
3.67709
3.67746
3.67748
3.67717
3.67656
3.67566
3.6745
3.67309
3.67145
3.66959
3.66753
3.66527
3.66283
3.66022
3.65745
3.65452
3.65145
3.64825
3.64491
3.64145
3.63787
3.63418
3.63039
3.6265
3.62251
3.61843
3.61427
3.61003
3.60571
3.62877
3.64376
3.65569
3.66563
3.67408
-0
-0
-0
-0
-0
-0
-0
-0
-0
-0
-0
-0
-0
-0
-0
-0
-0
-0
-0
-0
-0
-0
-0
-0
-0
-0
-0
-0
-0
-0
-0
-0
-0
-0
0.187176
0.309543
0.405977
0.485461
0.552495
0.60984
0.659376
0.702467
0.740147
0.773227
0.802353
0.828056
0.850771
0.870864
0.888647
0.904381
1.02588
1.03774
1.04806
1.12466
1.18523
1.23535
1.27777
1.31415
1.34563
1.37302
1.39694
1.41788
1.43623
1.45231
1.4664
1.47871
1.48944
1.495
1.5044
1.51255
1.51956
1.52555
1.53061
1.53482
1.53826
1.541
1.54311
1.54462
1.54561
1.5461
1.54614
1.54577
1.54503
1.54393
1.54252
1.54081
1.53883
1.5366
1.53414
1.60517
1.65283
1.69143
1.72409
1.75234
1.7771
1.79899
1.81845
1.83582
1.85137
1.8653
1.8778
1.88902
1.89908
1.90808
1.91613
1.92331
1.92969
1.93533
1.94029
1.94463
1.94839
1.95161
1.95433
1.95659
1.95842
1.95985
1.9609
1.9616
1.96197
1.96204
1.96182
1.96134
1.9606
1.95963
1.95843
1.95703
1.95543
1.95365
2.004
2.03827
2.06634
2.09036
2.11136
2.12995
2.14657
2.16149
2.17495
2.18714
2.19818
2.2082
2.2173
2.22555
2.23305
2.23984
2.24598
2.25153
2.25652
2.261
2.265
2.26855
2.31099
2.33977
2.3633
2.38341
2.40097
2.41649
2.43034
2.44277
2.45396
2.46406
2.47319
2.48146
2.48894
2.5274
2.55332
2.57443
2.59241
2.60806
2.62185
2.62791
2.63333
2.63819
2.64251
2.64634
2.65835
2.66169
2.67241
2.68203
2.69069
2.6985
2.70554
2.71188
2.71759
2.72273
2.72732
2.73143
2.73508
2.73831
2.74114
2.7436
2.74571
2.7475
2.74899
2.75019
2.75112
2.75179
2.75222
2.75243
2.75242
2.7522
2.7518
2.78321
2.8045
2.82191
2.83679
2.8498
2.86131
2.87158
2.8808
2.8891
2.8966
2.90337
2.9095
2.91504
2.92004
2.92455
2.9286
2.93223
2.93548
2.93835
2.96681
2.98603
2.98839
2.99044
2.99219
2.99366
2.99488
2.99584
2.99658
3.01194
3.02507
3.03655
3.04671
3.05578
3.06391
3.07124
3.07785
3.08383
3.08923
3.09411
3.09851
3.10248
3.10604
3.10923
3.11206
3.11458
3.11679
3.1421
3.14394
3.14551
3.14683
3.14791
3.14877
3.14942
3.14987
3.15013
-0
-0
-0
-0
0.721928
0.918296
0.985228
1
0.991076
0.970951
0.94566
0.918296
0.890492
0.863121
0.836641
0.811278
0.787127
0.764205
0.742488
0.721928
0.702467
0.684038
0.666578
0.650022
0.63431
0.619382
0.605187
0.591673
0.578795
0.56651
0.554778
0.543564
0.532835
0.522559
0.694805
0.803072
0.886167
0.953014
1.00806
1.05402
1.09272
1.12549
1.15333
1.17702
1.19718
1.2143
1.22879
1.24101
1.25124
1.25972
1.26667
1.27226
1.38329
1.45368
1.50826
1.55262
1.55364
1.59027
1.62117
1.62097
1.62
1.61833
1.61604
1.61319
1.63933
1.66188
1.68139
1.69827
1.71288
1.72549
1.73635
1.73369
1.73059
1.74025
1.74853
1.75558
1.76153
1.76647
1.77051
1.77372
1.77619
1.77797
1.77913
1.77973
1.77981
1.77941
1.77857
1.84807
1.84625
1.84408
1.84159
1.8388
1.83574
1.83243
1.82889
1.82514
1.8212
1.81708
1.8128
1.85546
1.88995
1.9191
1.94428
1.96631
1.98576
2.00302
2.01839
2.03212
2.04439
2.05537
2.06518
2.07394
2.08175
2.08868
2.09483
2.14827
2.15329
2.15764
2.16139
2.19624
2.22438
2.24813
2.26863
2.28655
2.30235
2.31634
2.32878
2.33987
2.34974
2.35854
2.36637
2.37333
2.41934
2.44981
2.47433
2.49496
2.5127
2.52816
2.54173
2.5537
2.5643
2.57369
2.58201
2.58937
2.59586
2.60158
2.60658
2.61093
2.61469
2.61789
2.62058
2.6228
2.62458
2.62595
2.62694
2.62758
2.66647
2.69226
2.71304
2.73055
2.74564
2.7588
2.79578
2.82018
2.83134
2.85078
2.86711
2.88112
2.8933
2.90396
2.91334
2.92161
2.9289
2.93812
2.94625
2.95342
2.95974
2.96529
2.97016
2.9744
2.97806
2.98121
2.98386
2.98607
2.98787
2.98928
2.99033
2.99104
2.99144
2.99155
2.99138
2.99095
3.02225
3.02145
3.04209
3.05871
3.07271
3.08476
3.09526
3.10449
3.11264
3.11145
3.11866
3.12505
3.1307
3.1357
3.1401
3.14396
3.14732
3.15022
3.1527
3.15479
3.15651
3.1579
3.15897
3.15974
3.16023
3.16046
3.16044
3.16019
3.15973
3.15905
3.15818
3.15712
3.15589
3.1829
3.20089
3.21543
3.22774
3.23838
3.2477
3.25593
3.26322
3.2697
3.27548
3.28061
3.28518
3.28923
3.2928
3.29594
3.29868
3.30104
3.30307
3.30477
3.30617
3.3073
3.30815
3.30876
3.30914
3.3093
3.30925
3.309
3.33316
3.34929
3.36234
3.37341
-0
-0
-0
-0
-0
-0
-0
-0
-0
-0
-0
-0
-0
-0
-0
0.33729
0.522559
0.650022
0.742488
0.811278
0.863121
0.902393
0.932112
0.954434
0.970951
0.982859
0.991076
1.17797
1.17836
1.17668
1.2798
1.35434
1.41087
1.45464
1.48882
1.51554
1.53631
1.67145
1.74934
1.8054
1.84764
1.85814
1.89033
1.91522
1.93436
1.94887
1.95959
1.96715
1.97207
1.97475
1.97554
1.9747
1.97247
1.96904
1.96459
1.95924
1.95313
1.94636
1.93901
1.93117
1.92291
1.91428
1.90534
1.89614
1.88671
1.8771
1.86733
1.85743
1.84743
1.92906
1.91826
1.96943
2.00913
2.0414
2.06821
2.09075
2.10981
2.12597
2.13967
2.15124
2.16097
2.16907
2.17575
2.18114
2.1854
2.18864
2.19096
2.19245
2.19319
2.19325
2.19269
2.19157
2.18994
2.18784
2.18531
2.18239
2.17911
2.17551
2.17161
2.16743
2.16301
2.15835
2.15348
2.14843
2.14319
2.1378
2.13226
2.12658
2.12079
2.11488
2.10887
2.10277
2.15723
2.1933
2.22229
2.24666
2.26761
2.28584
2.27906
2.27222
2.28827
2.30245
2.31504
2.32621
2.31948
2.32948
2.33838
2.34629
2.3533
2.3595
2.36496
2.36973
2.37387
2.37743
2.38046
2.38299
2.4279
2.45774
2.4818
2.50209
2.50355
2.5046
2.50527
2.50558
2.50556
2.50523
2.5046
2.50371
2.52078
2.53575
2.54899
2.56075
2.57125
2.58062
2.589
2.59649
2.60318
2.60914
2.61443
2.61331
2.61802
2.62218
2.62582
2.62898
2.63169
2.63399
2.6359
2.63745
2.63866
2.63955
2.64015
2.64046
2.67649
2.70066
2.72028
2.73694
2.75141
2.76412
2.77538
2.78542
2.79439
2.80243
2.80963
2.81608
2.82185
2.827
2.83159
2.83566
2.83926
2.8424
2.84513
2.84748
2.84947
2.85112
2.85246
2.8535
2.85426
2.85476
2.85502
2.85504
2.85484
2.85443
2.85382
2.85302
2.85205
2.85091
2.84961
2.84816
2.84656
2.84482
2.84296
2.84096
2.83885
2.83663
2.86617
2.86374
2.86122
2.85859
2.85588
2.85307
2.85018
2.84722
2.84417
2.84105
2.86066
2.87679
2.89064
2.9028
2.91361
2.9233
2.93205
2.93996
2.94714
2.95368
2.95962
2.96503
2.96995
2.97442
2.97848
2.98215
2.98546
2.98844
2.99111
2.99348
2.99558
2.99742
2.99901
3.00037
3.00152
3.00245
3.02798
3.0454
3.05972
3.07202
3.08281
3.09241
-0
-0
-0
-0
-0
-0
-0
0.543564
0.503258
0.468996
0.439497
0.413817
0.391244
0.371232
0.353359
0.33729
0.322757
0.309543
0.297472
0.286397
0.276195
0.530406
0.678407
0.785235
0.764114
0.845106
0.908654
0.959196
0.9997
1.03227
1.05845
1.07944
1.09614
1.10928
1.11944
1.1271
1.13264
1.13638
1.13859
1.1395
1.13928
1.1381
1.13609
1.13338
1.13006
1.12622
1.12193
1.11725
1.11225
1.10696
1.10144
1.21736
1.29169
1.34979
1.34135
1.33283
1.32423
1.31559
1.30693
1.35335
1.39267
1.42642
1.45563
1.44664
1.47216
1.4945
1.48571
1.50547
1.49682
1.48815
1.47948
1.49738
1.51326
1.52736
1.53985
1.55092
1.56069
1.5693
1.57684
1.58343
1.58914
1.59404
1.59821
1.60171
1.60459
1.6069
1.60868
1.60998
1.61084
1.61129
1.61135
1.61107
1.67949
1.67832
1.67686
1.67514
1.67317
1.67097
1.66856
1.66595
1.66316
1.6602
1.65709
1.65384
1.65045
1.64694
1.64331
1.63958
1.68146
1.71583
1.74529
1.77108
1.79396
1.81443
1.83285
1.84951
1.86462
1.87835
1.89085
1.90223
1.91261
1.92208
1.9307
1.9828
1.99026
1.99703
2.00314
2.00866
2.01362
2.01805
2.02201
2.02551
2.0591
2.08663
2.11021
2.13083
2.14911
2.16545
2.18015
2.19341
2.20543
2.21632
2.22622
2.23522
2.27923
2.30902
2.33333
2.35406
2.37214
2.3881
2.40232
2.41505
2.42649
2.4368
2.44611
2.45452
2.46211
2.46896
2.47514
2.48069
2.48567
2.52451
2.55066
2.57194
2.59005
2.6058
2.61966
2.63198
2.64298
2.65284
2.66169
2.66964
2.6768
2.68323
2.68899
2.69416
2.69876
2.70286
2.70648
2.70966
2.74407
2.76716
2.76967
2.78835
2.80423
2.80624
2.81998
2.83207
2.83366
2.84436
2.85391
2.85514
2.86367
2.87132
2.87224
2.87911
2.87974
2.88592
2.89146
2.89185
2.89683
2.90128
2.90144
2.90543
2.90538
2.90894
2.91209
2.91186
2.91465
2.91708
2.91669
2.91882
2.92063
2.9201
2.92165
2.92097
2.92227
2.92332
2.9266
2.92741
2.93035
2.93094
2.93133
2.93395
2.96204
2.98105
2.98026
2.99577
3.00904
3.00803
3.0196
3.01842
3.02866
3.03781
3.03647
3.04468
3.05208
3.05061
3.0573
3.06337
3.06178
3.06728
3.06558
3.07058
3.0751
3.07332
3.07742
3.08113
3.07927
3.08263
3.08068
3.08371
3.08643
3.08856
3.09099
3.09313
-0
-0
-0
-0
-0
-0
-0
-0
-0
-0
0.439497
0.413817
0.391244
0.371232
0.353359
0.33729
0.322757
0.614369
0.774243
0.884184
0.963746
1.02263
1.06662
1.09948
1.12386
1.14162
1.15417
1.16258
1.16765
1.17003
1.17023
1.16865
1.16561
1.16138
1.15618
1.15019
1.14355
1.13638
1.1288
1.12088
1.1127
1.10431
1.09577
1.08711
1.07839
1.06962
1.07867
1.07051
1.07868
1.08551
1.09115
1.09572
1.09935
1.10213
1.10416
1.10551
1.10626
1.10645
1.10616
1.10542
1.10429
1.1028
1.10098
1.09888
1.0986
1.09661
1.09437
1.09445
1.09233
1.09
1.08748
1.08478
1.08192
1.07892
1.07579
1.07254
1.06919
1.06574
1.06221
1.05861
1.05493
1.0512
1.04742
1.04358
1.03971
1.0358
1.03186
1.0279
1.02391
1.01991
1.01589
1.01187
1.00783
1.00379
0.999749
0.995706
0.991665
0.987629
0.993812
0.989906
0.986004
0.982107
0.978217
0.974336
0.970464
0.966603
0.962755
0.958919
0.955098
0.951292
0.958234
0.964789
0.970977
0.976818
0.982327
0.987523
1.05008
1.09473
1.1324
1.16545
1.19504
1.22186
1.24638
1.26893
1.28976
1.30909
1.32706
1.34381
1.35945
1.37409
1.3878
1.40066
1.41273
1.42406
1.43471
1.48685
1.5237
1.55462
1.58165
1.60576
1.62754
1.64739
1.66558
1.68233
1.73016
1.76371
1.79173
1.83805
1.87039
1.89733
1.92074
1.96524
1.99616
2.03972
2.06988
2.09487
2.11648
2.13557
2.17717
2.20582
2.22947
2.24986
2.28997
2.31744
2.34006
2.37906
2.40567
2.42751
2.44625
2.48391
2.50948
2.53041
2.54831
2.58471
2.60931
2.62939
2.66485
2.68873
2.72355
2.74692
2.76591
2.79987
2.82257
2.84097
2.85656
2.87006
2.90277
2.92453
2.9421
2.95695
2.98868
3.00969
3.02662
3.04088
3.05317
3.06388
3.09433
3.1144
3.13051
3.14405
3.17363
3.19305
3.2086
3.22163
3.2504
3.26921
3.28423
3.29678
3.3075
3.31676
3.34446
3.35239
3.37033
3.39748
3.42441
3.44186
3.45919
3.47292
3.48655
3.49787
3.52379
3.53325
3.54649
3.55453
3.57986
3.58666
3.61168
3.61744
3.64216
3.647
3.67144
3.69569
3.71976
3.7236
3.7474
3.75054
3.76563
3.76817
3.78312
3.7851
3.79991
3.81461
3.82611
3.84884
3.8714
3.88567
3.89985
3.91394
3.92491
3.93385
3.94274
3.95354
3.96089
3.98241
3.98964
4.00311
-0
-0
-0
0.811278
0.970951
1
0.985228
0.954434
0.918296
0.881291
0.845351
0.811278
0.77935
0.749595
0.721928
0.696212
0.672295
0.650022
0.629249
0.60984
0.591673
0.574636
0.666578
0.738285
0.79504
0.840359
0.876716
0.905928
1.09109
1.19889
1.27694
1.33625
1.38229
1.41835
1.44667
1.46882
1.48596
1.499
1.50864
1.51544
1.64391
1.71947
1.77477
1.81717
1.85032
1.8764
1.89691
2.00348
2.01758
2.07867
2.12312
2.15699
2.18322
2.2036
2.21934
2.23129
2.2401
2.24628
2.25022
2.25224
2.26175
2.26235
2.26154
2.2595
2.25639
2.25234
2.24747
2.24188
2.23566
2.24475
2.25183
2.25718
2.26101
2.26349
2.2591
2.25412
2.24863
2.24268
2.23632
2.22959
2.29804
2.29046
2.2826
2.2745
2.31649
2.34892
2.37517
2.43788
2.4769
2.50684
2.53091
2.55067
2.60899
2.64495
2.67237
2.69428
2.71212
2.72679
2.73888
2.7488
2.75687
2.76335
2.76844
2.77231
2.77509
2.77689
2.77783
2.82795
2.85892
2.88259
2.90154
2.91701
2.92974
