-0
-0
-0
-0
-0
-0
-0
-0
-0
-0
-0
-0
-0
-0
-0
-0
0.322757
0.309543
0.297472
0.468996
0.453716
0.439497
0.558629
0.650022
0.721928
0.77935
0.825627
0.863121
0.893571
0.918296
0.938315
0.954434
0.967295
0.977418
0.985228
0.991076
0.995253
1.14463
1.23603
1.2345
1.23196
1.29936
1.35303
1.39673
1.43277
1.46268
1.48758
1.50833
1.52556
1.5398
1.55147
1.56092
1.56845
1.57428
1.57865
1.58171
1.58363
1.58454
1.58455
1.58376
1.58227
1.58015
1.57747
1.57429
1.57067
1.56665
1.56228
1.5576
1.55264
1.54744
1.54201
1.53639
1.53061
1.52467
1.5186
1.51241
1.50613
1.49976
1.49332
1.48682
1.49372
1.48738
1.48099
1.47455
1.46809
1.4616
1.4551
1.44858
1.44205
1.43552
1.42899
1.42248
1.41597
1.40947
1.40299
1.39654
1.3901
1.38369
1.37731
1.37095
1.38009
1.38851
1.38241
1.39029
1.38433
1.3784
1.37249
1.36661
1.36075
1.35492
1.34912
1.34335
1.33761
1.3319
1.32623
1.32059
1.31498
1.30941
1.30387
1.29837
1.2929
1.28747
1.28207
1.27671
1.27139
1.2661
1.26085
1.25564
1.25046
1.24532
1.24021
1.23515
1.23012
1.22512
1.22016
1.21524
1.21035
1.2055
1.20069
1.19591
1.19117
1.18646
1.18179
1.17715
1.17254
1.16797
1.16344
1.15894
1.15447
1.15004
1.19988
1.19524
1.19064
1.18607
1.22174
1.21706
1.21243
1.24265
1.23794
1.26467
1.28887
1.31102
1.33148
1.35047
1.3682
1.3848
1.37982
1.37487
1.36996
1.36508
1.36024
1.35543
1.35066
1.34592
1.34121
1.33654
1.3319
1.32729
1.34271
1.35728
1.37107
1.38413
1.37952
1.37494
1.37039
1.36587
1.36138
1.37378
1.38558
1.39683
1.39237
1.4031
1.39868
1.39429
1.40454
1.41434
1.42372
1.43269
1.44127
1.4495
1.45737
1.46492
1.47216
1.4791
1.48575
1.49213
1.49825
1.50413
1.50976
1.51517
1.52035
1.52532
1.5301
1.53467
1.53906
1.54327
1.5473
1.55116
1.55487
1.55841
1.56181
1.56506
1.56817
1.57114
1.57399
1.5767
1.57312
1.56954
1.5722
1.56867
1.56515
1.56164
1.55815
1.55466
1.55119
1.54774
1.54429
1.54085
1.53743
1.53402
1.53062
1.52724
1.52386
1.5205
1.51716
1.51382
1.51049
1.50718
1.50388
1.50697
1.50995
1.51282
1.51558
1.51825
1.52081
1.52327
-0
-0
-0
-0
-0
-0
-0
-0
-0
-0
-0
-0
-0
-0
-0
-0
-0
-0
-0
-0
-0
-0
-0
-0
-0
-0
-0
-0
-0
-0
-0
-0
-0
-0
-0
-0
-0
-0
-0
-0
-0
-0
-0
-0
-0
-0
-0
-0
-0
-0
-0
-0
-0
-0
-0
-0
-0
-0
-0
-0
-0
-0
-0
-0
-0
-0
-0
-0
-0
-0
-0
-0
-0
-0
-0
-0
-0
-0
-0
-0
-0
-0
-0
-0
-0
-0
-0
-0
-0
-0
-0
-0
-0
-0
-0
-0
-0
-0
-0
-0
-0
-0
-0
-0
-0
0.0770169
0.0764243
0.0758415
0.0752683
0.0747043
0.0741495
0.0736035
0.0730661
0.0725372
0.0720165
0.0715038
0.0709989
0.0705018
0.0700121
0.0695296
0.0690544
0.0685861
0.0681246
0.0676698
0.0672215
0.0667796
0.066344
0.0659144
0.0654908
0.0650731
0.11397
0.113274
0.112588
0.11191
0.111241
0.110581
0.109929
0.109286
0.10865
0.108023
0.107404
0.106792
0.106188
0.105591
0.105001
0.104419
0.103844
0.103275
0.102713
0.102158
0.101609
0.101067
0.100531
0.100001
0.0994771
0.0989591
0.098447
0.0979406
0.0974398
0.0969446
0.0964548
0.0959704
0.0954912
0.0950172
0.0945483
0.0940844
0.0936255
0.0931713
0.0927219
0.128017
0.127419
0.126826
0.126239
0.125658
0.125083
0.124514
0.12395
0.123392
0.122839
0.122292
0.12175
0.121213
0.120681
0.120154
0.119633
0.119116
0.118604
0.118097
0.117595
0.117097
0.116604
0.116115
0.115631
0.115151
0.114676
0.114204
0.113737
0.113274
0.112815
0.112361
0.11191
0.111463
0.11102
0.110581
0.110145
0.109714
0.109286
0.108861
0.10844
0.136059
0.135546
0.135036
0.134531
0.13403
0.133533
0.13304
0.132551
0.132065
0.131584
0.131107
0.130633
0.130163
0.129696
0.129234
0.128775
0.128319
0.127867
0.127419
0.126973
0.126532
0.126093
0.125658
0.125226
0.124798
0.124372
0.12395
0.123531
0.123115
0.122702
0.122292
0.121885
0.12148
0.121079
0.120681
0.120286
0.119893
0.119503
0.119116
0.118732
0.11835
0.140993
0.140548
0.140107
0.139668
0.139233
0.1388
-0
-0
-0
-0
0.721928
0.918296
0.985228
1
0.991076
0.970951
0.94566
0.918296
0.890492
0.863121
0.836641
0.896038
0.936667
0.964079
0.981941
0.992774
0.998364
0.99403
0.998636
1
0.998846
0.995727
0.991076
0.985228
0.978449
0.970951
0.9629
0.954434
0.94566
0.936667
0.927527
0.918296
0.909022
0.899744
0.890492
0.881291
0.872162
0.863121
0.85418
0.845351
0.836641
0.828056
0.8196
0.811278
0.938448
0.92847
1.01028
0.999655
0.989237
1.05294
1.1059
1.09491
1.1398
1.17856
1.16758
1.15678
1.14617
1.13574
1.12549
1.15931
1.18925
1.21587
1.23964
1.26089
1.27994
1.29702
1.31234
1.32609
1.33841
1.34946
1.35933
1.36814
1.37599
1.38295
1.38909
1.39449
1.39921
1.40329
1.40679
1.40976
1.41223
1.41424
