-0
-0
-0
0.811278
0.970951
1
0.985228
0.954434
0.918296
0.881291
0.845351
0.811278
0.77935
0.749595
1.05298
1.0141
0.978016
0.944489
0.913283
0.884184
1.02304
1.11808
1.18639
1.23644
1.27327
1.30019
1.31952
1.33292
1.34163
1.3466
1.34857
1.34811
1.34567
1.34163
1.49048
1.57664
1.63883
1.68587
1.72212
1.75023
1.77195
1.78855
1.80097
1.80994
1.81603
1.8197
1.82131
1.82119
1.81958
1.81669
1.81272
1.80781
1.80209
1.79569
1.78869
1.78118
1.77324
1.86832
1.92671
1.97097
2.00614
2.03468
2.05807
2.07732
2.09313
2.10607
2.11655
2.12491
2.13143
2.13634
2.13984
2.1421
2.14325
2.14341
2.1427
2.14121
2.13901
2.13619
2.1328
2.1289
2.12455
2.11979
2.11466
2.1092
2.10344
2.09741
2.09114
2.08466
2.07798
2.07113
2.06413
2.05699
2.04972
2.04236
2.04199
2.04117
2.03992
2.03828
2.03629
2.03396
2.03133
2.02842
2.02526
2.01987
2.01435
2.01137
2.00595
2.00042
1.99478
1.98906
1.98326
1.97738
1.97144
1.96959
1.96752
1.96523
1.96274
1.96007
1.95723
1.95423
1.95108
1.94779
1.94437
1.94083
1.93718
1.93342
1.92957
1.92562
1.92159
1.91748
1.9133
1.90905
1.90474
1.90037
1.89595
1.89148
1.88696
1.8824
1.8778
1.87317
1.86851
1.86382
1.8591
1.85435
1.84959
1.84481
1.84001
1.8352
1.83413
1.83293
1.82831
1.82709
1.82576
1.82432
1.82277
1.82113
1.8194
1.81757
1.81362
1.80965
1.80565
1.80402
1.80009
1.79847
1.79676
1.79497
1.79311
1.79118
1.78767
1.78576
1.78378
1.78174
1.77965
1.7775
1.77529
1.77304
1.77074
1.76782
1.76555
1.76323
1.76044
1.75761
1.75476
1.75188
1.74898
1.74605
1.7431
1.74013
1.73714
1.73413
1.744
1.74097
1.73793
1.73488
1.73181
1.72872
1.72562
1.72252
1.71939
1.71626
1.71313
1.70998
1.70682
1.70366
1.70049
1.69731
1.69413
1.69095
1.69024
1.68949
1.68867
1.68781
1.68689
1.68593
1.68492
1.68386
1.68277
1.68162
1.68044
1.67922
1.67796
1.67667
1.67533
1.67397
1.67257
1.67114
1.66968
1.70303
1.72737
1.7257
1.724
1.72227
1.72052
1.71875
1.71695
1.71513
1.71328
1.71142
1.70954
1.70763
1.70571
1.70377
1.70182
1.69984
1.69785
1.69585
1.69383
1.6918
1.68975
1.68769
1.68562
1.68354
1.68145
1.67934
1.67722
1.6751
-0
-0
-0
-0
-0
-0
-0
-0
-0
-0
0.439497
0.650022
0.991264
1.14883
1.24195
1.32943
1.3831
1.41527
1.43298
1.44065
1.44117
1.43655
1.42819
1.41713
1.40411
1.38967
1.37425
1.3748
1.37255
1.3681
1.36191
1.35434
1.34567
1.33615
1.32595
1.31525
1.30414
1.29276
1.28116
1.28528
1.28774
1.28876
1.28013
1.27123
1.26212
1.25284
1.24345
1.23397
1.22444
1.21489
1.20533
1.19579
1.18628
1.29735
1.36851
1.42411
1.46961
1.5077
1.53999
1.56759
1.59128
1.61168
1.62925
1.64437
1.73374
1.74551
1.75546
1.81081
1.85392
1.8891
1.91845
1.94323
1.96429
1.98226
1.99759
2.01067
2.02177
2.03115
2.03899
2.04549
2.05077
2.05496
2.05818
2.06052
2.06206
2.06288
2.06305
2.06261
2.12832
2.17052
2.20368
2.20172
2.2289
2.25178
2.27129
2.28803
2.30244
2.31488
2.32558
2.33477
2.34263
2.34929
2.35488
2.3595
2.36325
2.36621
2.36845
2.37003
2.371
2.37142
2.37018
2.36854
2.36653
2.36418
2.36152
2.35856
2.35534
2.35187
2.34817
2.34426
2.34015
2.33585
2.33139
2.32677
2.32201
2.31711
2.32428
2.31933
2.32576
2.32076
2.31567
2.31047
2.30518
2.2998
2.29435
2.28883
2.28324
2.27759
2.27188
2.26612
2.26032
2.25448
2.24859
2.25528
2.24942
2.24354
2.23763
2.23169
2.22574
2.21976
2.21377
2.20776
2.20174
2.19571
2.18968
2.18364
2.17759
2.17155
2.1655
2.15946
2.15342
2.14738
2.14135
2.13533
2.12931
2.1233
2.11731
2.12234
2.12697
2.13122
2.13513
2.12938
2.12363
2.1179
2.11218
2.10646
2.11033
2.11389
2.1083
2.11163
2.11467
2.10921
2.10375
2.09831
2.09287
2.09588
2.09864
2.09333
2.09591
2.09827
2.09307
2.08789
2.08271
2.07754
2.07239
2.0748
2.07701
2.07902
2.08085
2.08251
2.08399
2.08531
2.08648
2.08749
2.08837
2.0891
2.08971
