-0
1
1.58496
1.5
1.37095
1.25163
1.14883
1.06128
0.986427
0.921928
0.865857
0.816689
0.773228
0.73453
1.03892
1.18628
1.2772
1.33551
1.37271
1.39546
1.40798
1.41309
1.41274
1.40834
1.40092
1.39124
1.37988
1.36726
1.35374
1.33957
1.32496
1.31006
1.29499
1.27987
1.26476
1.24973
1.23482
1.22007
1.20551
1.34403
1.42789
1.49063
1.53985
1.5793
1.61128
1.63731
1.6585
1.67569
1.6895
1.79715
1.86193
1.91025
1.94801
2.04498
2.10254
2.14503
2.17149
2.19247
2.22425
2.30947
2.35951
2.39613
2.42418
2.44602
2.46306
2.47627
2.48631
2.49372
2.4989
2.50216
2.57371
2.61578
2.64662
2.67028
2.68871
2.70308
2.71419
2.7226
2.72874
2.73295
2.7355
2.7366
2.73643
2.73515
2.79525
2.8309
2.85724
2.87759
2.89358
2.90617
2.916
2.92354
2.92915
2.93309
2.93559
2.93682
2.93695
2.98912
3.02019
3.04323
3.06111
3.0752
3.08633
3.09507
3.10179
3.14955
3.15421
3.18232
3.20312
3.21921
3.23184
3.24176
3.24949
3.25537
3.29908
3.32491
3.34394
3.3586
3.37006
3.379
3.3859
3.39109
3.39482
3.39729
3.39866
3.39906
3.39859
3.39735
3.4365
3.45975
3.47698
3.49031
3.50078
3.509
3.5154
3.52026
3.55687
3.57853
3.59452
3.60686
3.61651
3.62405
3.62986
3.63423
3.63736
3.63942
3.64053
3.64081
3.64034
3.6392
3.63746
3.63517
3.63238
3.62913
3.62548
3.62144
3.65399
3.67354
3.68815
3.69956
3.70863
3.71585
3.72155
3.72598
3.72931
3.73168
3.73321
3.734
3.73411
3.73362
3.73258
3.73104
3.72905
3.72664
3.75614
3.77399
3.78743
3.798
3.80646
3.81326
3.81869
3.82298
3.82627
3.82869
3.83035
3.83133
3.83169
3.8315
3.83081
3.85806
3.8746
3.87331
3.87161
3.88404
3.89387
3.90178
3.90818
3.91332
3.91741
3.92059
3.92298
3.92466
3.95018
3.96567
3.97737
3.98661
3.99403
4.00002
4.00483
4.00864
4.01159
4.01378
4.01531
4.01625
4.01664
4.01655
4.01602
4.01508
4.01376
4.0121
4.01013
4.00786
4.00531
4.00251
3.99947
3.99621
3.99274
3.98908
3.98523
3.98121
3.97703
3.9727
3.96823
3.96362
3.95889
3.95404
3.94907
3.944
3.93883
3.93356
3.93544
3.93684
3.93624
3.93535
3.93418
3.93335
3.93195
3.93571
3.93882
3.94135
3.94336
3.9449
3.9456
3.94935
3.95671
3.96195
-0
1
1.58496
2
1.92193
2.25163
2.52164
2.5
2.72548
2.72193
2.91398
2.9183
3.08506
3.23593
3.24022
3.375
3.38158
3.50326
3.51109
3.62193
3.72565
3.73216
3.82791
3.80351
3.81366
3.82525
3.91211
3.89629
3.97833
3.94839
3.9621
4.03891
4.02895
4.10188
4.07914
4.14896
4.21608
4.28069
4.27233
4.33418
4.32671
4.38602
4.44337
4.45342
4.46375
4.51781
4.57023
4.62112
4.61431
4.66347
4.71126
4.75776
4.80302
4.81008
4.81737
4.86058
4.85439
4.86187
4.85672
4.85215
4.8605
4.90123
4.89729
4.90564
4.89492
4.93403
4.94244
4.95093
4.98846
4.98587
5.02244
5.05827
5.066
5.10082
5.13496
5.14215
5.1494
5.18234
5.17981
5.187
5.21894
5.21671
5.24794
5.24001
5.24711
5.25424
5.25273
5.28274
5.28979
5.29687
5.32594
5.32461
5.33159
5.32535
5.35355
5.34373
5.37147
5.39881
5.40553
5.41227
5.43882
5.43798
5.44462
5.4705
5.47698
5.50232
5.50863
5.50796
5.51435
5.53892
5.54515
5.56925
5.56865
5.56387
5.55612
5.56248
5.5526
5.54095
5.54125
5.52836
5.55173
5.55842
5.58135
5.58179
5.5784
5.57226
5.59473
5.58646
5.59314
5.594
5.60069
5.62252
5.62906
5.62995
5.65131
5.64858
5.64331
5.63608
5.65709
5.65819
5.65588
5.6511
5.65772
5.65112
5.64302
5.63368
5.65411
5.65241
5.64835
5.65514
5.64932
5.64204
5.63358
5.63563
5.62627
5.61606
5.63591
5.62497
5.6134
5.60128
5.60854
5.59602
5.58308
5.60267
5.60538
5.61265
5.61538
5.63452
5.63428
5.63195
5.62799
5.62273
5.64152
5.63515
5.62787
5.63508
5.62707
5.63006
5.63032
5.63335
5.63639
5.63675
5.63516
5.6356
5.63254
5.62826
5.62296
5.62169
5.6224
5.62123
5.61858
5.63632
5.63245
5.62759
5.6219
5.63941
5.63297
5.6259
5.61829
5.61611
5.60809
5.59963
5.59649
5.58774
5.57864
5.56923
5.58644
5.57674
5.56677
5.57073
5.56714
5.56881
5.56879
5.56745
5.57147
5.57322
5.56906
5.5692
5.56803
5.56581
5.57333
5.57023
5.56637
5.56187
5.55679
5.55242
5.5469
5.54094
5.54852
5.55607
5.56032
5.56244
5.563
5.57047
5.57469
5.57682
5.57741
5.58163
5.58103
5.58525
5.58741
5.58959
5.59027
5.58977
5.58833
5.58607
5.58685
5.58394
5.58623
5.58707
5.58677
5.58649
5.58528
5.58329
5.58063
5.57953
-0
-0
-0
-0
-0
-0
-0
0.543564
0.503258
0.721928
0.845351
1.18872
1.33468
1.4138
1.45656
1.41974
1.46809
1.49554
1.7143
1.81498
1.87356
1.90766
1.9258
1.94504
1.95352
1.95428
1.94938
1.94029
1.92805
1.94462
1.93154
1.94992
2.08674
2.15797
2.28349
2.34763
2.38898
2.42918
2.43273
2.43186
2.4275
2.45477
2.44796
2.43894
2.42814
2.44798
2.44466
2.53982
2.5909
2.68052
2.72798
2.81262
2.85685
2.93698
3.01469
3.09009
3.12821
3.15243
3.22295
3.29153
3.32546
3.35868
3.37924
3.39185
3.39881
3.46058
3.46263
3.46139
3.45748
3.45141
3.44354
3.43415
3.42351
3.45349
3.5096
3.53817
3.59222
3.64513
3.67161
3.69766
3.74798
3.7729
3.78834
3.83641
3.88355
3.90654
3.95218
3.97425
4.01847
4.03967
4.05229
4.09475
4.13646
4.17745
4.19669
4.23651
4.27567
4.31419
4.33187
4.3418
4.34681
4.38369
4.40057
4.43649
4.44562
4.45008
4.46622
4.50071
4.50941
4.52494
4.53351
4.53766
4.54185
4.54288
4.54401
4.54272
4.54156
4.53847
4.57034
4.56555
4.59687
4.61139
4.62576
4.63391
4.64202
4.6462
4.65041
4.65179
4.68122
4.68029
4.6776
4.69127
4.68716
4.69508
4.68981
4.71801
4.72219
4.73541
4.73693
4.74461
4.74413
4.74834
4.77526
4.80187
4.81439
4.82681
4.82818
4.82763
4.83484
4.83278
4.85823
4.8548
4.86683
4.86234
4.85694
4.86406
4.85791
4.86195
4.85518
4.85703
4.84974
4.85698
4.85716
4.86139
4.88529
4.90895
4.92041
4.93178
4.9386
4.94539
4.96826
4.97205
4.98304
5.00544
5.02764
5.03827
5.04882
5.05506
5.06127
5.08277
5.10407
5.10735
5.12838
5.1296
5.13954
5.13921
5.15978
5.16954
5.1679
5.17361
5.19373
5.21368
5.21665
5.22604
5.23537
5.2408
5.24621
5.24912
5.25204
5.2712
5.27224
5.27187
5.2809
5.29967
5.30486
5.3137
5.31648
5.33486
5.34352
5.34448
5.34951
5.36752
5.37015
5.37861
5.37954
5.38445
5.40203
5.4046
5.41287
5.41765
5.41856
5.42113
5.42076
5.42173
5.42035
5.42008
5.41787
5.41661
5.41448
5.43131
5.42842
5.43647
5.45307
5.45778
5.46569
5.48203
5.48457
5.49234
5.49334
5.49791
5.49772
5.50027
5.49913
5.5037
5.50478
5.50286
5.5028
5.50023
5.49926
5.49612
5.4944
5.50996
5.50753
5.50393
5.50095
5.49745
-0
1
0.918296
1
0.970951
0.918296
0.863121
0.811278
0.764205
0.721928
0.684038
0.650022
0.619382
0.591673
0.905587
1.06128
1.32161
1.44662
1.52296
1.57095
1.60045
1.61719
1.68512
1.72957
1.7583
1.77586
1.78523
1.78845
1.78699
1.78194
1.7741
1.7641
1.75242
1.73945
1.72549
1.86068
1.9356
1.98773
2.02559
2.05337
2.07359
2.08793
2.19873
2.25979
2.3021
2.3326
2.43152
2.48529
2.5783
2.62817
2.66186
2.69479
2.71775
2.73362
2.74411
2.75038
2.75326
2.75335
2.75115
2.74701
2.82266
2.86399
2.8924
2.91261
2.98248
3.02026
3.04597
3.05868
3.06711
3.07215
3.07443
3.09225
3.09226
3.09037
3.08686
3.08198
3.0759
3.06879
3.06079
3.05202
3.04257
3.03253
3.02199
3.01099
2.99961
2.98789
2.97588
2.97533
2.97364
2.97092
2.96731
2.9629
2.95778
2.97679
2.99172
3.00348
3.01265
3.0072
3.00119
2.99469
2.9858
2.97663
2.96722
2.98222
2.99429
3.00399
3.05233
3.0814
3.10312
3.12011
3.13363
3.17926
3.18968
3.21669
3.23678
3.2524
3.26475
3.27454
3.28223
3.28817
3.33005
3.35494
3.37339
3.38769
3.39893
3.40778
3.41468
3.41995
3.45893
3.48201
3.49906
3.51222
3.52253
3.53059
3.53683
3.54153
3.54492
3.54834
3.55063
3.55193
3.55235
3.55199
3.55093
3.54923
3.54697
3.54419
3.54093
3.53724
3.53316
3.52872
3.52394
3.51886
3.5135
3.50787
3.5112
3.51363
3.51524
3.51613
3.51637
3.51601
3.51512
3.51374
3.51191
3.54413
3.56389
3.57891
3.59088
3.60058
3.6085
3.61496
3.64561
3.66433
3.67851
3.68976
3.69885
3.70368
3.70749
3.71039
3.71772
3.72367
3.72846
3.73224
3.73436
3.73579
3.73659
3.73438
3.73183
3.72897
3.72581
3.72626
3.72621
3.72569
3.72888
3.73133
3.73312
3.73432
3.73498
3.73514
3.73486
3.73417
3.73352
3.73249
3.73111
3.72839
3.72675
3.7248
3.72257
3.72008
3.71735
3.7144
3.71122
3.70785
3.7043
3.70385
3.70307
3.70197
3.70058
3.69892
3.72411
3.74
3.76483
3.78046
3.79259
3.80245
3.82668
3.84187
3.84986
3.85654
3.86213
3.8668
3.87068
3.87385
3.88533
3.89465
3.90236
3.9088
3.91419
3.93696
3.9512
3.96221
3.97111
3.99337
4.00724
4.01793
4.0398
4.05339
4.06185
4.0688
4.07454
4.0793
4.08322
4.09345
4.10169
4.10845
4.12934
4.14227
-0
-0
-0
0.811278
0.970951
1
1.44882
1.56128
1.58496
1.57095
1.53948
1.82501
1.92202
1.95919
1.9656
2.18004
2.25691
2.28802
2.29427
2.46596
2.52949
2.68128
2.73576
2.75687
2.75908
2.74932
2.73158
2.70839
2.68145
2.80291
2.91809
2.96502
2.9876
2.99572
2.99417
2.98578
3.08434
3.12611
3.21799
3.2562
3.27501
3.2821
3.28118
3.36309
3.39766
3.415
3.42185
3.42145
3.41576
3.48888
3.52049
3.58989
3.61946
3.63445
3.64048
3.64024
3.63537
3.69835
3.72572
3.78592
3.81175
3.86938
3.89381
3.90604
3.9107
3.91003
3.90537
3.95852
3.98145
3.99324
4.04379
4.09322
4.14156
4.16184
4.17178
4.17526
4.17415
4.1696
4.21476
4.20725
4.19759
4.18618
4.17332
4.15926
4.14418
4.12826
4.11161
4.13186
4.14336
4.14934
4.15136
4.19274
4.19146
4.21059
4.22153
4.21796
4.21248
4.20542
4.19703
4.2034
4.20618
4.2062
4.20401
4.2
4.19449
4.18633
4.17979
4.17217
4.1636
4.15422
4.14412
4.1334
4.12213
4.11038
4.0982
4.08565
4.07277
4.05961
4.04619
4.03254
4.01871
4.0047
3.99055
3.97628
3.9619
3.94743
3.93289
3.91828
3.90363
3.88895
3.87424
3.85951
3.89435
3.91382
3.89906
3.91282
3.92287
3.93022
3.93544
3.93894
3.94099
3.927
3.91301
3.89902
3.88503
3.88649
3.88691
3.88641
3.8851
3.88307
3.88039
3.87714
3.90863
3.90473
3.90036
3.89556
3.89037
3.88482
3.87895
3.87278
3.89077
3.90393
3.91398
3.92173
3.92769
3.93217
3.93541
3.93759
3.9666
3.98355
3.99593
4.00537
4.01264
4.01821
4.02238
4.02538
4.02736
4.02847
4.0288
4.02845
4.02747
4.0545
4.07035
4.08196
4.09084
4.09771
4.12385
4.13912
4.15026
4.15876
4.16529
4.17028
4.17401
4.17667
4.17842
4.18216
4.18312
4.18583
4.18611
4.18794
4.18763
4.18675
4.18788
4.18654
4.21059
4.21099
4.2251
4.23548
4.24345
4.24965
4.25444
4.25807
4.25784
4.26052
4.26237
4.26349
4.26397
4.26331
4.26325
4.26266
4.27266
4.2716
4.27011
4.26824
4.266
4.2881
4.29573
4.30879
4.31846
4.32595
4.33182
4.33641
4.33995
4.34577
4.36692
4.37944
4.3887
4.39584
4.40021
4.4027
4.40445
4.40554
4.41109
4.41445
4.41878
4.42212
4.42462
4.42639
4.42753
4.43005
4.43064
4.43072
4.43035
4.42956
4.43143
4.43029
-0
-0
-0
-0
0.721928
0.650022
0.863121
0.954434
0.991076
1
0.99403
0.979869
0.961237
0.940286
0.918296
0.896038
0.873981
0.852405
0.831474
0.811278
1.04884
1.17702
1.26409
1.32609
1.37095
1.55342
1.57997
1.6744
1.69024
1.69979
1.70444
1.68316
1.68594
1.6856
1.68273
1.67783
1.67127
1.66337
1.65439
1.64452
1.63394
1.62279
1.61119
1.59924
1.58703
1.64374
1.68827
1.72399
1.75294
1.77648
1.79562
1.81108
1.82346
1.8332
1.84069
1.84623
1.85008
1.94384
2.00095
2.04397
2.07795
2.10533
2.18951
2.24016
2.27799
2.30758
2.33117
2.35012
2.36532
2.37743
2.38694
2.39424
2.39964
2.40338
2.40568
2.40671
2.47545
2.47472
2.47302
2.51406
2.54498
2.56938
2.63251
2.67053
2.69898
2.759
2.79484
2.82148
2.87866
2.91253
2.93753
2.95683
2.97196
2.98385
3.03671
3.06778
3.09059
3.10808
3.15815
3.18736
3.20867
3.22488
3.23738
3.24699
3.25424
3.25953
3.26316
3.30879
3.31067
3.3371
3.33763
3.3371
3.35625
3.35473
3.36936
3.36701
3.37838
3.37534
3.41698
3.42554
3.44975
3.45611
3.47374
3.47833
3.49176
3.50218
3.50529
3.51335
3.51525
3.52142
3.52229
3.52692
3.52692
3.53026
3.53243
3.53174
3.53298
3.53164
3.53207
3.53017
3.52989
3.52891
3.52662
3.52509
3.52237
3.52038
3.55519
3.58959
3.61018
3.63056
3.64573
3.66076
3.67246
3.68406
3.69323
3.70233
3.70953
3.71517
3.72231
3.72662
3.73221
3.76336
3.79418
3.81248
3.82604
3.84404
3.85442
3.86764
3.8757
3.88586
3.91492
3.92103
3.92879
3.94576
3.95172
3.96417
3.9687
3.97825
3.9857
3.98902
3.99482
4.02202
4.02634
4.0423
4.04543
4.05714
4.05927
4.08552
4.09436
4.1097
4.11649
4.1277
4.15311
4.16156
4.1681
4.18283
4.18779
4.19853
4.20222
4.22663
4.22919
4.23087
4.24502
4.24589
4.25622
4.25639
4.27994
4.30331
4.31691
4.32683
4.34025
4.34772
4.35744
4.37998
4.39304
4.40024
4.40967
4.43168
4.43703
4.44969
4.45884
4.46278
4.46965
4.47249
4.49374
4.50598
4.50779
4.5166
4.52323
4.52424
4.54488
4.55674
4.55699
4.56553
4.56517
4.57158
4.57642
4.58002
4.57916
4.58177
4.60156
4.6002
4.61158
4.61979
4.63921
4.6453
4.6564
4.66095
4.66432
4.67226
4.67464
4.67621
4.67328
4.67923
4.68011
4.67694
-0
1
0.918296
0.811278
0.721928
0.650022
0.591673
0.543564
0.503258
0.468996
0.439497
0.413817
0.391244
0.371232
0.353359
0.668564
0.834347
0.944489
1.02146
1.0763
1.11552
1.14332
1.16256
1.17528
1.18297
1.18672
1.18739
1.18562
1.18191
1.17668
1.17023
1.16282
1.15465
1.14589
1.30032
1.39177
1.45895
1.51073
1.55147
1.58384
1.60962
1.63009
1.6462
1.65868
1.66813
1.67502
1.67971
1.68253
1.68375
1.68358
1.68222
1.67982
1.67652
1.67244
1.66899
1.66485
1.6601
1.65713
1.65353
1.64935
1.64468
1.63957
1.63408
1.62824
1.62212
1.61573
1.60912
1.60231
1.59533
1.5882
1.58096
1.5736
1.56616
1.55864
1.55106
1.54344
1.53578
1.52809
1.52039
1.51268
1.50497
1.49726
1.48957
1.48189
1.47423
1.54849
1.59825
1.63848
1.67249
1.70187
1.72759
1.7503
1.77046
1.78844
1.80451
1.8189
1.81038
1.82338
1.81498
1.82677
1.83736
1.84687
1.8554
1.86303
1.86985
1.8759
1.88126
1.93969
1.97881
2.01048
2.03728
2.06047
2.08078
2.09874
2.11469
2.12892
2.14164
2.15302
2.16321
2.21471
2.24893
2.27651
2.29974
2.31975
2.33721
2.35257
2.36615
2.3782
2.3889
2.43559
2.4664
2.49109
2.49987
2.50761
2.51443
2.52041
2.52563
2.54574
2.56301
2.57804
2.59121
2.60281
2.61306
2.62212
2.63013
2.63719
2.64341
2.64886
2.65361
2.65772
2.66124
2.66422
2.6667
2.66871
2.6703
2.67148
2.67229
2.67274
2.67288
2.6727
2.67224
2.67151
2.67053
2.70788
2.73271
2.75274
2.76966
2.78425
2.797
2.83259
2.85612
2.87504
2.89095
2.90464
2.91655
2.927
2.93622
2.94436
2.95155
2.95791
2.96352
2.96844
2.97275
2.9765
2.97973
2.98248
2.98478
2.98668
2.9882
3.01988
3.04081
3.05762
3.07176
3.08391
3.09449
3.10376
3.11193
3.11914
3.14907
3.16874
3.18449
3.1977
3.20901
3.21883
3.22741
3.23327
3.24076
3.24735
3.25313
3.25821
3.26265
3.26651
3.26984
3.2727
3.27511
3.27711
3.27873
3.28
3.28094
3.28158
3.28192
3.282
3.28183
3.28142
3.28078
3.27993
3.27888
3.27765
3.27623
3.27465
3.2729
3.271
3.26896
3.29478
3.31189
3.32568
3.33732
3.34735
3.35611
3.36381
3.37062
3.37664
3.38199
3.38672
3.39089
3.39457
3.3978
3.4006
3.40302
3.40509
3.40682
3.40824
3.40937
3.41024
3.41084
3.4088
-0
-0
-0
-0
-0
-0
-0
-0
-0
-0
-0
-0
-0
-0
0.353359
0.543564
0.672295
0.764205
0.831474
0.881291
0.918296
0.94566
0.965636
0.979869
0.989588
0.995727
1.18739
1.18562
1.18191
1.28669
1.36191
1.41856
1.4621
1.49582
1.52193
1.54198
1.67956
1.7583
1.81461
1.85678
1.86645
1.89839
1.92289
1.94155
1.95551
1.96564
1.97258
1.97686
1.9789
1.97904
1.97756
1.9747
1.97065
1.96559
1.95965
1.95296
1.94563
1.93774
1.92938
1.9206
1.91149
1.90207
1.89241
1.88254
1.8725
1.86232
1.85203
1.84165
1.92424
1.91306
1.96474
2.00478
2.03729
2.06425
2.08688
2.106
2.12217
2.13586
2.14739
2.15707
2.1651
2.17169
2.17699
2.18114
2.18427
2.18647
2.18784
2.18846
2.18839
2.1877
2.18645
2.18468
2.18245
2.17978
2.17673
2.17332
2.16959
2.16556
2.16126
2.1567
2.15192
2.14693
2.14175
2.1364
2.13089
2.12523
2.11944
2.11354
2.10752
2.10141
2.0952
2.1501
2.18644
2.21563
2.24016
2.26124
2.27958
2.27269
2.26574
2.28188
2.29613
2.30877
2.32
2.31316
2.32321
2.33214
2.34007
2.3471
2.3533
2.35876
2.36353
2.36767
2.37123
2.37424
2.37676
2.42197
2.45199
2.47619
2.49659
2.49802
2.49905
2.49969
2.49998
2.49992
2.49956
2.4989
2.49797
2.51513
2.53018
2.54347
2.55529
2.56583
2.57524
2.58364
2.59116
2.59786
2.60384
2.60914
2.60799
2.61271
2.61687
2.6205
2.62366
2.62637
2.62866
2.63056
2.6321
2.6333
2.63418
2.63476
2.63506
2.67128
2.69557
2.71529
2.73203
2.74655
2.75932
2.77063
2.7807
2.7897
2.79777
2.80499
2.81145
2.81724
2.82241
2.827
2.83108
2.83467
2.83782
2.84055
2.8429
2.84488
2.84653
2.84785
2.84889
2.84964
2.85013
2.85037
2.85038
2.85016
2.84974
2.84912
2.8483
2.84732
2.84616
2.84484
2.84337
2.84175
2.84
2.83811
2.8361
2.83397
2.83173
2.8614
2.85895
2.8564
2.85376
2.85102
2.8482
2.84529
2.8423
2.83924
2.8361
2.85579
2.87198
2.88588
2.89809
2.90894
2.91867
2.92744
2.93538
2.94259
2.94914
2.95511
2.96053
2.96547
2.96995
2.97402
2.9777
2.98102
2.984
2.98667
2.98905
2.99115
2.99299
2.99459
2.99595
2.99709
2.99802
3.02365
3.04113
3.0555
3.06784
3.09289
3.1036
3.12054
-0
-0
-0
-0
-0
-0
-0
0.543564
0.764205
0.881291
0.94566
0.979869
0.995727
1
0.996792
0.988699
0.977418
0.964079
0.949452
0.934068
0.918296
0.94566
0.965636
0.979869
0.989588
0.982859
0.975119
0.966619
0.957553
0.948078
0.938315
0.928362
0.918296
0.908178
0.898059
0.887976
0.877962
0.86804
0.858231
0.848548
0.839004
0.829607
0.820364
0.811278
0.802353
0.793591
0.784992
0.776556
0.768281
0.760168
0.752212
0.744413
0.736768
0.729274
0.721928
0.714727
0.707669
0.70075
0.693966
0.804691
0.879394
0.939893
0.991059
1.03529
1.07403
1.10828
1.13875
1.16597
1.19039
1.21234
1.23212
1.24996
1.26606
1.2806
1.29373
1.30557
1.31626
1.32588
1.33453
1.3423
1.34924
1.35543
1.36093
1.36579
1.37006
1.37378
1.37699
1.37973
1.38204
1.38394
1.38547
1.38664
1.38748
1.45772
1.45768
1.45737
1.4568
1.456
1.50256
1.50123
1.49971
1.498
1.49612
1.49408
1.49189
1.48957
1.48711
1.48454
1.48185
1.47906
1.47617
1.4732
1.47014
1.50561
1.53632
1.56346
1.58776
1.60971
1.62965
1.64786
1.66453
1.67985
1.69394
1.70693
1.71892
1.72999
1.74022
1.74967
1.75841
1.76648
1.77393
1.78081
1.83127
1.86614
1.87191
1.90057
1.92531
1.94713
1.96662
1.98418
2.0001
2.01459
2.02783
2.03995
2.05107
2.06128
2.07066
2.07928
2.08721
2.09449
2.10118
2.10732
2.11294
2.15574
2.18515
2.2094
2.23028
2.24865
2.26502
2.27973
2.29302
2.3051
2.31609
2.32612
2.33529
2.34367
2.35135
2.35836
2.36478
2.37064
2.37598
2.38085
2.38527
2.38927
2.39288
2.39612
2.39902
2.40159
2.40386
2.40584
2.40754
2.40899
2.41019
2.41117
2.41192
2.41246
2.41281
2.41296
2.41294
2.41275
2.41239
2.41188
2.41122
2.41043
2.40949
2.40843
2.4422
2.46557
2.48494
2.5017
2.51652
2.5298
2.54178
2.55267
2.5626
2.5717
2.58004
2.5877
2.59475
2.60123
2.6072
2.61268
2.61773
2.62236
2.62661
2.63049
2.63404
2.63728
2.64021
2.64286
2.67266
2.6932
2.71021
2.7249
2.73787
2.74947
2.75994
2.76943
2.77807
2.78597
2.79321
2.79984
2.80592
2.81151
2.81663
2.82133
2.82564
2.82957
2.83317
2.83644
2.83941
2.8421
2.84452
2.84669
2.84861
2.85032
2.8518
2.85309
2.87938
2.89748
2.91246
2.92539
2.93681
2.94701
2.95621
2.96455
-0
-0
-0
-0
0.721928
0.918296
0.985228
1
0.991076
1
0.99403
0.979869
0.961237
0.940286
1.23096
1.36631
1.33282
1.41527
1.46746
1.43876
1.40998
1.44858
1.47404
1.48993
1.49869
1.50204
1.50124
1.49725
1.49078
1.48239
1.47251
1.46148
1.44957
1.43699
1.42392
1.41049
1.39681
1.53562
1.617
1.67636
1.72175
1.75714
1.78493
1.80672
1.82368
1.83667
1.84635
1.85326
1.85783
1.96211
2.02365
2.02403
2.02281
2.02024
2.01649
2.06052
2.09486
2.12216
2.14404
2.16157
2.17553
2.1865
2.19495
2.20123
2.20564
2.20843
2.20981
2.28789
2.2872
2.33398
2.3691
2.39672
2.41886
2.43674
2.45118
2.46278
2.47198
2.47912
2.48448
2.48829
2.49075
2.5554
2.5946
2.62408
2.64731
2.66596
2.68103
2.6932
2.70296
2.71067
2.71663
2.7736
2.80802
2.83383
2.85411
2.87032
2.88336
2.89382
2.90212
2.9086
2.9135
2.91703
2.91936
2.92061
2.92092
2.92038
2.91907
2.91708
2.91447
2.9113
2.90762
2.90347
2.89891
2.89396
2.88866
2.88305
2.87714
2.87096
2.86455
2.85791
2.85107
2.84405
2.83686
2.82951
2.82203
2.81441
2.80669
2.79886
2.79094
2.78293
2.77485
2.7667
2.75849
2.76528
2.77108
2.77599
2.7801
2.78347
2.78618
2.78828
2.78982
2.79084
2.79139
2.7915
2.79121
2.79054
2.79496
2.79868
2.80178
2.8043
2.80629
2.80779
2.80883
2.80946
2.80969
2.813
2.81576
2.818
2.81977
2.8226
2.82351
2.82404
2.82942
2.84202
2.87816
2.90186
2.93731
2.97239
3.00711
3.0297
3.06378
3.08587
3.11933
3.14095
3.1738
3.20632
3.23853
3.27041
3.30199
3.32215
3.35318
3.37292
3.40342
3.43363
3.46356
3.49321
3.52258
3.55168
3.58051
3.59855
3.62692
3.65503
3.68289
3.70018
3.71347
3.74072
3.75757
3.77048
3.79714
3.82357
3.83982
3.86585
3.8818
3.89394
3.90359
3.91142
3.93664
3.95204
3.96372
3.97298
3.99756
4.01251
4.03674
4.04791
4.06251
4.08627
4.10062
4.11141
4.11989
4.12667
4.13729
4.14563
4.15392
4.16054
4.16713
4.17241
4.17767
4.18185
4.19537
4.20339
4.21137
4.23329
4.24647
4.25634
4.26936
4.27909
4.28671
4.29275
4.3055
4.31503
4.32246
4.32836
4.33303
4.34239
4.34969
4.35895
4.36171
4.36627
4.37199
4.37652
4.38008
4.38281
4.38732
4.39086
4.39358
4.3956
-0
1
0.918296
0.811278
1.37095
1.45915
1.44882
1.81128
1.89106
1.89546
1.86763
1.82501
2.07587
2.15597
2.18194
2.18004
2.16222
2.13497
2.11481
2.08838
2.05805
2.04301
2.02314
2
1.97469
2.13394
2.20937
2.25436
2.28112
2.2956
2.27119
2.24566
2.21939
2.19269
2.18781
2.17988
2.16956
2.15735
2.14366
2.12879
2.11302
2.09884
2.08387
2.0683
2.05227
2.03588
2.01924
2.00243
1.99516
1.98696
2.0236
2.05237
2.04355
2.03408
2.02406
2.01358
2.00271
1.99152
1.98007
1.9684
1.95657
1.9446
1.96942
1.99005
2.07411
2.09007
2.14094
2.17952
2.21019
2.22193
2.23137
2.23883
2.24455
2.24877
2.23795
2.227
2.21593
2.21124
2.20607
2.22669
2.24404
2.25866
2.27096
2.28126
2.30852
2.33111
2.35003
2.36596
2.3794
2.39071
2.40018
2.43886
2.46875
2.49296
2.55098
2.58712
2.61488
2.63723
2.65559
2.67083
2.68351
2.70131
2.707
2.71146
2.71481
2.71719
2.72304
2.71813
2.72291
2.72662
2.72938
2.73129
2.73243
