-0
-0
0.918296
1
0.970951
0.918296
0.863121
0.811278
0.764205
0.721928
0.684038
0.650022
0.619382
0.591673
0.905587
1.06128
1.15955
1.22439
1.26744
1.29546
1.31274
1.32218
1.32578
1.32501
1.32092
1.31432
1.3058
1.29584
1.46755
1.56281
1.62912
1.67742
1.66188
1.64571
1.6291
1.6122
1.59512
1.57798
1.617
1.64773
1.67195
1.65637
1.64072
1.62505
1.60941
1.59384
1.57837
1.56303
1.54783
1.57135
1.59096
1.60727
1.62077
1.63183
1.64079
1.64792
1.65344
1.65754
1.6604
1.66215
1.75559
1.81413
1.8592
1.89556
1.92554
1.95055
1.97153
1.98917
2.00398
2.08338
2.13266
2.17036
2.2006
2.22536
2.24584
2.26286
2.277
2.2887
2.2983
2.30609
2.31228
2.31707
2.32062
2.32307
2.38802
2.42839
2.45936
2.48424
2.50465
2.52156
2.53562
2.54729
2.55694
2.56484
2.57122
2.57625
2.63253
2.6674
2.69409
2.71549
2.733
2.74746
2.75943
2.76932
2.77743
2.784
2.8344
2.86548
2.88919
2.90813
2.92356
2.93624
2.94666
2.95521
2.96214
2.96768
2.97199
2.97523
3.02024
3.04793
3.06903
3.08586
3.09955
3.11077
3.11997
3.12748
3.13353
3.13832
3.14201
3.14472
3.14655
3.18696
3.21182
3.23075
3.24585
3.25812
3.26817
3.30642
3.3298
3.34753
3.3616
3.37298
3.38225
3.38977
3.39584
3.40065
3.40437
3.40713
3.44236
3.46386
3.48013
3.49303
3.50344
3.51189
3.51873
3.55209
3.5574
3.56154
3.56468
3.58465
3.59975
3.61168
3.62128
3.62906
3.63532
3.64032
3.64422
3.64718
3.6779
3.69655
3.71061
3.72171
3.73062
3.73781
3.74359
3.74816
3.75172
3.75437
3.75624
3.75739
3.75792
3.75787
3.7573
3.75626
3.75479
3.75291
3.75067
3.74809
3.7452
3.74201
3.76963
3.76608
3.76229
3.77918
3.79206
3.80235
3.82905
3.83728
3.85355
3.86592
3.87577
3.88375
3.89025
3.89555
3.89981
3.90319
3.9058
3.90772
3.90903
3.90978
3.91003
3.90983
3.93454
3.93384
3.93276
3.94786
3.94639
3.9446
3.9425
3.94013
3.9375
3.93462
3.94606
3.95524
3.96274
3.96892
3.97401
3.97818
3.98155
3.98422
3.98626
4.00916
4.0233
4.03412
4.04278
4.04411
4.05118
4.05201
4.05239
4.05236
4.05196
4.05777
4.05703
4.05597
4.05462
4.05299
4.05783
4.06181
4.06506
4.06766
4.06969
4.0712
4.07225
4.07288
4.07312
4.073
-0
-0
0.918296
0.811278
0.721928
0.650022
0.591673
0.543564
0.503258
0.468996
0.439497
0.413817
0.391244
0.371232
0.353359
0.33729
0.322757
0.309543
0.297472
0.568996
0.818096
0.956766
1.05341
1.2594
1.37131
1.44781
1.54865
1.61724
1.66597
1.70096
1.85168
1.93194
1.98582
2.0234
2.04963
2.17582
2.24222
2.28628
2.39969
2.45836
2.49664
2.59952
2.6519
2.74813
2.8408
2.88666
2.97379
2.97668
3.01884
3.0999
3.09714
3.13622
3.13004
3.1541
3.1455
3.21857
3.20724
3.24312
3.23016
3.21585
3.23865
3.2235
3.20743
3.27343
3.2562
3.23837
3.27209
3.25387
3.23525
3.29705
3.2778
3.31009
3.2907
3.27113
3.29294
3.27345
3.25387
3.31111
3.29123
3.27132
3.30221
3.28238
3.26258
3.28411
3.26453
3.245
3.26094
3.24171
3.22256
3.27482
3.25557
3.23642
3.26585
3.24686
3.22799
3.27791
3.25899
3.30788
3.28893
3.27012
3.29808
3.27945
3.26097
3.28136
3.26313
3.24505
3.29114
3.27307
3.25513
3.28207
3.26432
3.24672
3.26667
3.24931
3.23209
3.24776
3.23081
3.214
3.22667
3.21013
3.19374
3.20418
3.18807
3.23003
3.21394
3.19798
3.22339
3.20759
3.19191
3.23243
3.21678
3.20126
3.24105
3.22556
3.21021
3.23458
3.21937
3.20428
3.24278
3.22773
3.25149
3.23657
3.22178
3.25918
3.24443
3.2813
3.26658
3.25198
3.28826
3.27371
3.25927
3.28181
3.26751
3.25332
3.27077
3.25674
3.24282
3.25708
3.24333
3.22968
3.24167
3.22819
3.21483
3.22508
3.21189
3.19881
3.23248
3.21942
3.20647
3.22789
3.21504
3.23187
3.21914
3.2065
3.23898
3.22638
3.21387
3.24589
3.23341
3.22103
3.24157
3.22927
3.21707
3.24829
3.23612
3.22403
3.24415
3.23215
3.22024
3.25071
3.23882
3.22703
3.2571
3.24533
3.23365
3.26335
3.25169
3.28107
3.26944
3.2579
3.28692
3.2754
3.26397
3.28283
3.27147
3.2602
3.27526
3.26407
3.25296
3.28106
3.26998
3.25897
3.27735
3.26642
3.25556
3.2703
3.25952
3.24881
3.26123
3.25062
3.27766
3.26708
3.29386
3.2833
3.2728
3.29044
3.28001
3.26965
3.29589
3.28555
3.27527
3.29261
3.2824
3.27225
3.29796
3.28784
3.27777
3.29482
3.28481
3.27487
3.30009
3.29017
3.28031
3.29707
3.28726
3.31204
3.30226
3.29253
3.30903
3.29936
3.28974
3.30313
3.29358
3.28409
3.29548
3.28606
-0
1
0.918296
1.5
1.92193
1.9183
1.84237
2.15564
2.19716
2.17095
2.41309
2.45915
2.44931
2.4138
2.60624
2.78064
2.82218
2.82189
2.80004
2.76596
2.91044
3.04491
3.17054
3.20499
3.20888
3.32066
3.42621
3.4547
3.45697
3.44441
3.5389
3.56643
3.54488
3.55103
3.63674
3.71885
3.79759
3.82059
3.82402
3.89709
3.91868
3.92211
3.91478
3.90026
3.88066
3.9474
3.96941
3.97541
3.97178
4.03379
4.05471
4.04442
4.05117
4.04909
4.04095
4.09802
4.11846
4.12561
4.17963
4.23226
4.25078
4.26907
4.27518
4.27379
4.26718
4.27406
4.26396
4.25093
4.29861
4.31665
4.32385
4.32431
4.32005
4.31224
4.29892
4.28383
4.26729
4.26993
4.26813
4.26297
4.25518
4.23935
4.22253
4.20488
4.18655
4.16763
4.14824
4.14374
4.18606
4.2054
4.2162
4.2216
4.22313
4.22171
4.21794
4.21225
4.20496
4.19983
4.19312
4.18508
4.17591
4.16578
4.20419
4.22277
4.21173
4.19998
4.18762
4.19918
4.18641
4.17318
4.15953
4.14553
4.13122
4.11664
4.10183
4.09754
4.0922
4.07773
4.08621
4.10502
4.11031
4.14521
4.14792
4.16601
4.17787
4.17862
4.17782
4.18574
4.21879
4.21657
4.23377
4.24508
4.25262
4.2574
4.26005
4.26095
4.26041
4.25864
4.26622
4.27115
4.27403
4.27138
4.27267
4.27257
4.2713
4.26902
4.27418
4.27738
4.27897
4.27599
4.27634
4.284
4.28323
4.28148
4.27889
4.29456
4.32283
4.33336
4.34074
4.3458
4.34905
4.35082
4.36577
4.36626
4.36571
4.36425
4.362
4.35904
4.35694
4.35344
4.34938
4.34482
4.3398
4.33437
4.34465
4.35209
4.35742
4.35172
4.34952
4.34671
4.35053
4.34723
4.3724
4.37484
4.37617
4.37656
4.37613
4.37498
4.37318
4.38705
4.38466
4.39447
4.40168
4.3988
4.39545
4.39168
4.39706
4.40096
4.40363
4.42703
4.4286
4.42929
4.42921
4.42527
4.42231
4.41894
4.41773
4.41598
4.40992
4.40366
4.40267
4.39926
4.40126
4.40243
4.40287
4.40267
4.4019
4.40062
4.4226
4.43531
4.44453
4.45149
4.45678
4.46075
4.46364
4.46761
4.4705
4.47249
4.4793
4.4845
4.48571
4.48623
4.48616
4.48555
4.48951
4.49244
4.4945
4.49743
4.49641
4.49497
4.49708
4.49527
4.4931
4.4906
4.4878
4.48472
4.48138
4.4778
4.47938
4.48097
4.48192
4.48863
4.48903
4.48892
4.48837
4.48741
-0
-0
0.918296
0.811278
1.37095
1.45915
1.84237
1.90564
1.83659
1.84644
1.82307
1.78416
1.82625
2.06703
2.06625
2.1494
2.18367
2.3719
2.37374
2.36096
2.35284
2.33538
2.32229
2.39208
2.37302
2.51694
2.49121
2.55309
2.52527
2.5601
2.68311
2.73739
2.75201
2.78147
2.78605
2.80164
2.79976
2.80666
2.80053
2.80168
2.89877
2.89347
2.93902
3.02871
3.11515
3.15505
3.19391
3.21608
3.22794
3.24972
3.25446
3.26657
3.26638
3.33893
3.33403
3.33927
3.33181
3.33278
3.32348
3.35704
3.34581
3.36652
3.43068
3.46194
3.48097
3.54151
3.55212
3.55738
3.58613
3.58721
3.58514
3.64094
3.63591
3.62885
3.68262
3.67352
3.66303
3.68938
3.74062
3.72874
3.74466
3.73199
3.75701
3.76682
3.78238
3.79206
3.79753
3.80306
3.80539
3.80516
3.80777
3.80561
3.80173
3.84629
3.84069
3.83387
3.85656
3.84868
3.83989
3.85474
3.89671
3.91839
3.93246
3.94167
3.95085
3.95654
3.95954
3.96529
3.96618
3.9653
3.96292
3.96632
3.96278
3.95815
3.95257
3.95429
3.94802
3.98507
4.00478
4.04094
4.05383
4.06259
4.06834
4.08707
4.09039
4.09184
4.09172
4.10415
4.10271
4.10015
4.09661
4.12983
4.12529
4.12001
4.15256
4.17
4.18727
4.19889
4.20689
4.21836
4.22367
4.22693
4.22854
4.25895
4.25902
4.25791
4.2558
4.27196
4.26895
4.26516
4.26069
4.2898
4.28463
4.27891
4.27271
4.26607
4.28178
4.27474
4.30289
4.31825
4.3459
4.35625
4.36352
4.36854
4.3833
4.3865
4.38826
4.38882
4.39885
4.39838
4.39702
4.39489
4.40202
4.39922
4.39582
4.40089
4.42634
4.44032
4.44997
4.45319
4.46005
4.46486
4.46809
4.49251
4.49433
4.49505
4.49485
4.49383
4.50709
4.50534
4.50296
4.50002
4.50922
4.50578
4.50188
4.49757
4.50427
4.52732
4.54012
4.54906
4.5537
4.56013
4.56473
4.5679
4.57107
4.57308
4.5741
4.57427
4.57633
4.5758
4.57461
4.57285
4.59445
4.59212
4.61349
4.62544
4.62648
4.63486
4.64095
4.64536
4.6456
4.6487
4.65072
4.65182
4.66339
4.66368
4.6633
4.66231
4.67044
4.66891
4.6669
4.66446
4.66162
4.66762
4.6874
4.68417
4.68062
4.68501
4.69612
4.70402
4.70984
4.71293
4.71722
4.72031
4.72241
4.72451
4.72579
4.72635
4.72765
4.7276
4.74627
4.75686
4.77531
4.78278
4.7883
4.79237
-0
-0
-0
0.811278
0.970951
1
0.985228
0.954434
0.918296
1.29546
1.43537
1.5
1.52623
1.53062
1.52193
1.7641
1.86544
1.9183
2.11481
2.19546
2.23593
2.40106
2.46773
2.61479
2.67249
2.80489
2.85547
2.87739
2.88266
2.99742
3.0418
3.06128
3.06608
3.16734
3.20688
3.30092
3.33691
3.35216
3.43825
3.43982
3.47257
3.48662
3.48942
3.48457
3.47421
3.54978
3.58025
3.65175
3.68014
3.74798
3.7745
3.78604
3.84964
3.87435
3.88493
3.88684
3.94607
3.96921
3.97919
3.98108
3.97732
4.03228
4.05413
4.06385
4.06608
4.06306
4.11433
4.10705
4.09679
4.09057
4.0785
4.06454
4.04903
4.07056
4.11845
4.16532
4.18525
4.19524
4.21476
4.22458
4.22833
4.22777
4.22392
4.2175
4.209
4.1988
4.24108
4.25986
4.26992
4.2745
4.27514
4.27278
4.26804
4.26137
4.30078
4.31869
4.3286
4.33346
4.33469
4.33314
4.32936
4.32378
4.36065
4.37773
4.38742
4.39243
4.39407
4.39311
4.39008
4.38534
4.37918
4.37181
4.3634
4.3541
4.38826
4.40469
4.4145
4.42009
4.45295
4.46871
4.50083
4.51613
4.52514
4.53015
4.53909
4.54409
4.54623
4.57663
4.59114
4.59313
4.59296
4.60155
4.6064
4.60855
4.60859
4.60693
4.60386
4.59961
4.62807
4.64192
4.65029
4.67802
4.69144
4.71864
4.73173
4.73955
4.74732
4.75175
4.75373
4.77982
4.79238
4.79987
4.80412
4.80601
4.80606
4.80462
4.80195
4.79822
4.79358
4.78816
4.78866
4.81328
4.8072
4.81932
4.81265
4.80544
4.813
4.83691
4.84876
4.8532
4.8605
4.86491
4.86721
4.86954
4.87023
4.86958
4.86782
4.86864
4.86598
4.88856
4.88806
4.88646
4.90869
4.91985
4.9131
4.92014
4.92453
4.91746
4.91997
4.92097
4.91368
4.91352
4.90598
4.90487
4.90288
4.89522
4.91637
4.92724
4.92727
4.93428
4.93332
4.93787
4.94061
4.93885
4.94022
4.94043
4.93803
4.93732
4.93579
4.93285
4.93066
4.92722
4.92446
4.94435
4.95478
4.95939
4.96624
4.97081
4.9737
4.9766
4.97819
4.9787
4.98032
4.97995
4.97882
4.97701
4.97766
4.97529
4.9724
4.96903
4.96892
4.96518
4.96105
4.95657
4.95585
4.9511
4.94606
4.94479
4.93954
4.93403
4.9283
4.9332
4.92728
4.92117
4.91488
4.91836
4.91194
4.90535
4.89862
4.90105
4.89422
4.88727
4.88019
4.88179
4.87465
4.86741
-0
-0
-0
-0
-0
-0
-0
-0
-0
-0
-0
-0
-0
-0
-0
-0
-0
-0
-0
-0
-0
-0
-0
-0
-0
-0
-0
-0
0.216397
0.353359
0.458686
0.543564
0.613619
0.672295
0.721928
0.764205
0.800392
0.831474
0.858231
0.881291
0.90117
0.918296
0.933025
0.94566
0.956457
0.965636
0.973385
0.979869
0.985228
0.989588
0.993055
0.995727
0.997688
1.11225
1.18677
1.24562
1.29425
1.33536
1.37057
1.40099
1.42742
1.45046
1.47059
1.48819
1.50357
1.517
1.5287
1.53885
1.54762
1.55515
1.56156
1.56697
1.57146
1.57512
1.57802
1.58024
1.65972
1.71176
1.75316
1.78762
1.81696
1.84226
1.86425
1.88346
1.90029
1.91506
1.98359
2.02803
2.06317
2.09226
2.11688
2.13798
2.1562
2.172
2.18572
2.19764
2.20798
2.21692
2.22462
2.23119
2.23676
2.24141
2.24523
2.30188
2.33853
2.36749
2.39146
2.41174
2.4291
2.44407
2.45702
2.46825
2.47797
2.48636
2.49358
2.49974
2.50495
2.50931
2.51288
2.51575
2.51796
2.51958
2.52065
2.56799
2.59867
2.62296
2.6431
2.66017
2.6748
2.68744
2.69839
2.70789
2.71612
2.72323
2.72935
2.73456
2.73897
2.74264
2.74564
2.74803
2.74985
2.75116
2.75199
2.75237
2.75235
2.75194
2.75118
2.75009
2.7487
2.74701
2.74506
2.78415
2.80971
2.8301
2.84712
2.86166
2.87421
2.88513
2.89468
2.90303
2.91033
2.91671
2.92226
2.92706
2.93118
2.93469
2.93763
2.94004
2.94198
2.94348
2.94456
2.94526
2.9456
2.94561
2.97957
3.00184
3.01963
3.03452
3.04724
3.05826
3.06787
3.07627
3.08364
3.0901
3.09576
3.10068
3.10496
3.10863
3.11177
3.1144
3.11657
3.11832
3.11967
3.12066
3.1213
3.12163
3.12165
3.1214
3.12088
3.12011
3.11912
3.1179
3.11648
3.11486
3.11306
3.11108
3.10894
3.10664
3.10419
3.10161
3.13032
3.14936
3.14651
3.14353
3.15883
3.17175
3.1829
3.19264
3.20123
3.20882
3.21556
3.22154
3.22686
3.23156
3.23572
3.23938
3.23637
3.23325
3.23651
3.23934
3.24179
3.24387
3.24563
3.24706
3.24821
3.24908
3.24969
3.25006
3.2502
3.25012
3.24984
3.24936
3.2487
3.24599
3.2452
3.24424
3.24312
3.24185
3.24044
3.2389
3.23723
3.23543
3.23352
3.23149
3.22936
3.22712
-0
1
1.58496
1.5
1.37095
1.25163
1.14883
1.06128
0.986427
0.921928
0.865857
0.816689
1.14511
1.29169
1.37528
1.42379
1.45047
1.46276
1.68324
1.78548
1.84546
2.02834
2.11122
2.15834
2.1845
2.19684
2.19956
2.34329
2.40992
2.4486
2.57521
2.63286
2.6655
2.77854
2.82918
2.85719
2.87152
2.87653
2.87481
2.86805
2.96353
3.00768
3.03301
3.04682
3.05264
3.05259
3.04807
3.04007
3.02932
3.01637
3.00167
2.98554
2.96828
2.95011
3.02758
3.0081
3.04766
3.07327
3.09013
3.10076
3.10667
3.10888
3.1081
3.10488
3.09964
3.16595
3.20075
3.22375
3.23928
3.30103
3.33316
3.3542
3.36322
3.37719
3.38619
3.39139
3.39356
3.39326
3.39091
3.38685
3.38132
3.37454
3.36669
3.35791
3.34832
3.33804
3.32715
3.31573
3.30385
3.29157
3.34268
3.37111
3.39098
3.40538
3.4158
3.40334
3.41089
3.41596
3.41899
3.4203
3.42014
3.4187
3.41616
3.41264
3.40826
3.40312
3.3973
3.39088
3.38392
3.37648
3.36861
3.36035
3.35174
3.39488
3.41998
3.43825
3.45213
3.46279
3.47093
3.47702
3.4814
3.48432
3.52412
3.54724
3.56404
3.57678
3.58654
3.59396
3.59949
3.60342
3.606
3.60741
3.60779
3.60727
3.64361
3.6648
3.68024
3.69199
3.70101
3.70791
3.71307
3.71677
3.71923
3.72061
3.72104
3.72063
3.71948
3.71766
3.71524
3.71227
3.70881
3.70489
3.70057
3.69587
3.72825
3.74745
3.76165
3.77264
3.78124
3.78799
3.7932
3.79713
3.79995
3.80182
3.80284
3.80311
3.83316
3.85101
3.86422
3.87445
3.88247
3.88876
3.89363
3.89731
3.89996
3.90171
3.90267
3.90292
3.91979
3.93233
3.94206
3.94972
3.95576
3.96046
3.96403
3.96664
3.9684
3.99512
4.01103
4.02283
4.03199
4.03919
4.04485
4.04924
4.05256
4.05497
4.05658
4.05747
4.08269
4.09769
4.10882
4.11745
4.12424
4.12957
4.1337
4.13683
4.13908
4.14057
4.14139
4.16526
4.17946
4.18999
4.19815
4.20457
4.2096
4.21351
4.21645
4.21857
4.21997
4.2427
4.2562
4.26621
4.27397
4.28005
4.28482
4.28851
4.29128
4.29326
4.29455
4.29523
4.29536
4.295
4.29419
4.29297
4.31435
4.32709
4.33657
4.34394
4.34974
4.35431
4.35787
4.36056
4.36251
4.36382
4.36454
4.36475
4.3645
4.38478
4.39689
4.4059
4.41292
4.41845
4.43823
4.45
4.45426
4.45755
-0
-0
0.918296
1
0.970951
0.918296
0.863121
0.811278
0.764205
0.721928
0.684038
0.650022
0.619382
0.591673
0.56651
0.543564
0.522559
0.503258
0.774243
0.921928
1.02304
1.0958
1.14923
1.18872
1.2178
1.2389
1.2538
1.43131
1.52938
1.59742
1.6468
1.79596
1.87684
1.93204
1.9713
1.9994
2.01921
2.03264
2.04106
2.04546
2.04661
2.0451
2.15689
2.21891
2.26212
2.2935
2.33463
2.35689
2.37292
2.38407
2.41292
2.42
2.42391
2.42521
2.42433
2.44581
2.4432
2.43904
2.43356
2.45029
2.44391
2.52361
2.5694
2.60233
2.61325
2.63776
2.65642
2.67059
2.68114
2.68874
2.69642
2.70165
2.70481
2.71033
2.77635
2.81457
2.84224
2.86316
2.86549
2.8815
2.89374
2.90296
2.90382
2.91066
2.91541
2.91837
2.9198
2.9199
2.91882
2.91671
2.9137
2.90987
2.96433
2.99651
3.02023
3.03851
3.05281
3.064
3.07268
3.07926
3.12891
3.15812
3.17957
3.19602
3.20883
3.21878
3.22641
3.23211
3.23618
3.23883
3.24024
3.24058
3.28497
3.31114
3.33041
3.34523
3.35679
3.36579
3.40752
3.43198
3.44991
3.46362
3.47423
3.48243
3.48866
3.49324
3.49642
3.49837
3.49927
3.53743
3.55982
3.57623
3.5888
3.59854
3.60606
3.61177
3.61597
3.61887
3.62065
3.65598
3.6767
3.67724
3.67692
3.69203
3.70362
3.70251
3.71152
3.71852
3.72387
3.72783
3.73061
3.73235
3.73319
3.73323
3.73255
3.73123
3.76308
3.76105
3.75849
3.77725
3.79115
3.8019
3.81034
3.81695
3.82208
3.82595
3.82875
3.83061
3.83164
3.83193
3.86132
3.87878
3.89172
3.90175
3.90963
3.91581
3.9206
3.92423
3.92685
3.92859
3.92956
3.92984
3.92951
3.92861
3.92721
3.92535
3.92307
3.92041
3.94729
3.9634
3.97543
3.98482
3.99227
3.99818
4.00283
4.00641
4.00908
4.03463
4.04991
4.0613
4.06299
4.06398
4.06435
4.06416
4.06346
4.0623
4.06073
4.06954
4.07656
4.08217
4.08661
4.09006
4.09266
4.09452
4.09573
4.11933
4.13353
4.14417
4.1525
4.15913
4.16442
4.1686
4.17184
4.17428
4.17601
4.17711
4.17765
4.17769
4.17727
4.19948
4.19857
4.19729
4.21062
4.22064
4.22852
4.2348
4.23984
4.24384
4.26517
4.27801
4.28763
4.29518
4.30119
4.30598
4.30977
4.31271
4.31492
4.31787
4.31944
4.32045
4.32095
4.32099
4.32061
4.31985
4.31874
4.31732
-0
-0
-0
-0
-0
-0
-0
-0
-0
-0
-0
-0
-0
-0
-0
-0
-0
-0
-0
-0
-0
0.266765
0.258019
0.249882
0.402179
0.391244
0.503258
0.491237
0.578795
0.56651
0.753828
0.738064
0.851001
0.834347
0.894552
0.878506
0.928609
0.913283
0.955705
0.941139
0.97755
0.963746
0.99535
0.982288
1.1142
1.09958
1.08535
1.16717
1.15253
1.21583
1.20117
1.22498
1.21103
1.26154
1.24772
1.29022
1.27664
1.31305
1.29978
1.33138
1.31847
1.34619
1.33365
1.35339
1.34131
1.35902
1.34739
1.36336
1.35215
1.36661
1.35582
1.36897
1.35857
1.34832
1.36054
1.35065
1.36186
1.35232
1.36261
1.35341
1.36289
1.35401
1.36277
1.35419
1.37725
1.36879
1.37693
1.36875
1.37631
1.36839
1.37542
1.36776
1.37431
1.36688
1.373
1.3658
1.37152
1.36455
1.38485
1.37795
1.37109
1.37664
1.36998
1.3752
1.36873
1.37363
1.36735
1.37196
1.36585
1.3702
1.36426
1.36837
1.36259
1.35685
1.36085
1.35525
1.35904
1.3536
1.35718
1.35188
1.35528
1.35011
1.35334
1.34831
1.35137
1.34646
1.34157
1.34459
1.33982
1.34269
1.33804
1.34078
1.33624
1.33884
1.33441
1.3369
1.33257
1.33495
1.33072
1.3265
1.3223
1.31811
1.31392
1.30976
1.3056
1.30146
1.29734
1.29322
1.28913
1.28505
1.28818
1.28418
1.2802
1.27624
1.27229
1.26836
1.26444
1.26054
1.25666
1.25279
1.24894
1.24511
1.24129
1.23749
1.23371
1.22995
1.22621
1.22248
1.21877
1.21508
1.21141
1.21549
1.21189
1.20829
1.20472
1.20116
1.19763
1.1941
1.1906
1.18711
1.18364
1.18019
1.17676
1.17334
1.16994
1.16656
1.1632
1.15985
1.15652
1.15321
1.14991
1.14663
1.16244
1.15915
1.15588
1.15263
1.14939
1.14617
1.14297
1.13978
1.13662
1.13346
1.13033
1.12721
1.1241
1.12102
1.11795
1.11489
1.11185
1.10883
1.10583
1.10284
1.11742
1.11442
1.11144
1.10847
1.10552
1.10258
1.09966
1.09676
1.09387
1.091
1.08814
1.08529
1.08246
1.07965
1.07685
1.07406
1.07129
1.06853
1.06579
1.06306
1.06035
1.06577
1.06308
1.06041
1.05775
1.05511
1.05247
1.04986
1.04725
1.04466
1.04208
1.03951
1.03696
1.03442
1.03189
1.02938
1.02688
1.02439
1.02191
1.01945
1.01699
1.01455
1.02007
1.01765
-0
-0
-0
-0
-0
-0
-0
-0
-0
-0
-0
-0
-0
-0
-0
-0
-0
-0
-0
-0
-0
-0
-0
-0
-0
-0
-0
-0
-0
-0
-0
-0
-0
-0
-0
-0
-0
-0
-0
-0
-0
-0
-0
-0
-0
-0
-0
-0
-0
-0
-0
-0
-0
-0
-0
-0
-0
-0
-0
-0
-0
-0
-0
-0
-0
-0
-0
-0
-0
-0
-0
-0
-0
-0
-0
-0
-0
-0
-0
-0
-0
-0
-0
-0
-0
-0
-0
-0
-0
-0
-0
-0
-0
-0
-0
-0
-0
-0
-0
-0
-0
-0
-0
-0
-0
-0
-0
-0
-0
-0
-0
-0
-0
-0
-0
-0
-0
-0
-0
-0
-0
-0
-0
-0
-0
-0
-0
-0
-0
-0
-0
-0
-0
-0
-0
-0
-0
-0
-0
-0
-0
-0
-0
-0
-0
-0
-0
-0
-0
-0
-0
-0
-0
-0
-0
-0
-0
-0
-0
-0
-0
-0
-0
-0
-0
-0
-0
-0
-0
-0
-0
-0
-0
-0
-0
-0
-0
-0
-0
-0
-0
-0
-0
-0
-0
-0
-0
-0
-0
-0
-0
-0
-0
-0
-0
-0
-0
-0
-0
-0
-0
-0
-0
-0
-0
-0
-0
-0
-0
-0
-0
-0
-0
-0
-0
-0
-0
-0
-0
-0
-0
-0
-0
-0
-0
-0
-0
-0
-0
-0
-0
-0
-0
-0
-0
-0
-0
-0
-0
-0
-0
-0
-0
-0
-0
-0
-0
-0
-0
-0
-0
-0
-0
-0
-0
-0
-0
-0
-0
-0
-0
-0
-0
-0
-0
-0
-0
-0
-0
-0
-0
-0
0.322757
0.309543
0.297472
0.286397
0.548954
0.699858
0.80767
1.0239
1.14524
1.23042
1.2932
1.34039
1.51056
1.60439
1.75822
1.9039
1.98151
2.11466
2.18428
2.30673
2.36958
2.48279
2.59117
2.69505
2.79474
2.89053
2.93614
3.02591
3.11241
3.15236
3.23384
3.31256
3.38869
3.46235
3.49448
3.56438
3.63216
3.6609
3.67536
3.73896
3.7657
3.82643
3.88552
3.90972
3.96631
3.9892
3.99974
4.00266
4.00022
3.99379
3.98428
4.03626
4.05807
4.10812
4.12888
4.13886
4.14213
4.14065
4.1876
4.20725
4.21684
4.22013
4.21896
4.21442
4.25836
4.27705
4.26971
4.26562
4.25899
4.26883
4.27301
4.26474
4.25481
4.265
4.28343
4.32337
4.33301
4.33738
4.32662
4.31474
4.3019
4.30331
4.29738
4.30765
4.31301
4.35021
4.36742
4.37717
4.38219
4.41787
4.453
4.46909
4.47809
4.48258
4.48383
4.48257
4.47932
