-0
-0
-0
-0
-0
-0
-0
-0
-0
-0
-0
-0
-0
-0
-0
-0
-0
-0
-0
0.286397
0.276195
0.439497
0.558629
0.650022
0.721928
0.77935
0.825627
0.863121
0.893571
0.918296
0.938315
1.10962
1.12142
1.13028
1.13667
1.14098
1.23535
1.30591
1.36125
1.40564
1.44166
1.47105
1.49506
1.51463
1.53049
1.54322
1.55328
1.56105
1.56685
1.57095
1.57356
1.57489
1.57508
1.57428
1.57262
1.5702
1.56711
1.56343
1.55924
1.55459
1.54953
-0
-0
-0
-0
-0
-0
-0
-0
-0
-0
-0
-0
-0
-0
-0
-0
-0
-0
-0
0.286397
0.276195
0.439497
0.558629
0.650022
0.721928
0.77935
0.825627
0.863121
0.893571
0.918296
0.938315
1.10962
1.12142
1.13028
1.13667
1.14098
1.23535
1.30591
1.36125
1.40564
1.44166
1.47105
1.49506
1.51463
1.53049
1.54322
1.55328
1.56105
1.56685
1.57095
1.57356
1.57489
1.57508
1.57428
1.57262
1.5702
1.56711
1.56343
1.55924
1.55459
1.54953
