-0
1
0.918296
1.5
1.37095
1.25163
1.37878
1.29879
1.22439
1.15678
1.0958
1.04085
0.991264
0.946373
0.905587
0.868393
0.834347
0.944489
1.02146
1.0763
1.11552
1.14332
1.16256
1.17528
1.15855
1.14162
1.12466
1.10778
1.09109
1.07463
1.18104
1.1635
1.14631
1.223
1.28252
1.32975
1.36765
1.39824
1.42292
1.44277
1.45862
1.47111
1.48077
1.48801
1.49319
1.4966
1.49849
1.49905
1.49848
1.49691
1.49448
1.60284
1.66989
1.72099
1.76181
1.79512
1.82262
1.84545
1.86442
1.88015
1.89312
1.90373
1.91228
1.91905
1.92424
1.92805
1.93064
1.93214
1.93267
1.93234
1.93124
1.92945
1.92705
1.92408
1.92063
1.91672
1.91241
1.90774
1.90275
1.89747
1.89192
1.88614
1.88016
1.87398
1.86764
1.86115
1.9303
1.97534
2.01107
2.04074
2.06593
2.05832
2.05061
2.0723
2.09115
2.10762
2.12203
2.13466
2.12718
2.13835
2.13089
2.1408
2.13337
2.12588
2.11832
2.12737
2.13534
2.12796
2.13508
2.14132
2.14674
2.1397
2.14452
2.14867
2.14184
2.13497
2.12804
2.12108
2.11409
2.10707
2.11137
2.11511
2.11832
2.12105
2.12333
2.12518
2.11888
2.11254
2.11425
2.1156
2.10948
2.10332
2.09715
2.09095
2.08473
2.07849
2.08329
2.08759
2.09143
2.08545
2.07945
2.08305
2.07712
2.07119
2.07456
2.0687
2.07179
2.07453
2.06883
2.06312
2.05741
2.05169
2.05443
2.05686
2.05901
2.06087
2.06248
2.05716
2.05183
2.0465
2.04116
2.03582
2.03047
2.02512
2.01978
2.01443
2.01648
2.01121
2.00594
2.0079
2.0027
1.9975
1.99938
1.99426
1.98914
1.98402
1.97891
1.97381
1.96872
1.96363
1.96778
1.96275
1.95773
1.95272
1.94772
1.95178
1.95557
1.9591
1.9624
1.96546
1.96829
1.97092
1.97335
1.97558
1.97763
1.97312
1.96863
1.96413
1.96615
1.96801
1.96361
1.95923
1.95484
1.95046
1.94609
1.94172
1.94369
1.94551
1.94718
1.94871
1.9501
1.95136
1.95249
1.9535
1.98714
1.98791
1.98856
2.0125
2.0328
2.05072
2.06686
2.08158
2.09511
2.10762
2.11925
2.13009
2.14023
2.14973
2.15865
2.16704
2.17494
2.18238
2.18939
2.19601
2.20226
2.20816
2.21373
2.21899
2.22395
2.22864
2.23307
2.23725
2.24118
2.24489
2.24839
2.25167
2.25476
2.25766
2.26038
2.26293
2.26531
2.26753
2.26959
2.27151
2.27329
2.27493
-0
-0
-0
0.811278
0.970951
1
0.985228
0.954434
0.918296
0.881291
0.94566
0.979869
0.995727
1
0.996792
0.988699
0.977418
0.964079
0.949452
0.934068
0.918296
0.902393
0.886541
0.870864
0.855451
0.840359
0.825627
0.811278
0.797327
0.783777
0.770629
0.757878
0.745518
0.733538
0.721928
0.710677
0.753198
0.789749
0.821281
0.848548
0.872162
0.892623
0.884115
0.875663
0.894452
0.910878
1.04005
1.03073
1.02148
1.01231
1.00324
0.994273
1.00873
1.02148
1.03271
1.02506
1.03534
1.02812
1.02093
1.01376
1.00663
1.01713
1.02651
1.03489
1.04234
1.04896
1.05481
1.05995
1.06444
1.06835
1.0717
1.07456
1.07695
1.07892
1.08049
1.0817
1.07911
1.07639
1.07778
1.07884
1.07961
1.08011
1.08034
1.08034
1.08011
1.07968
1.07905
1.07825
1.07764
1.07687
1.07594
1.07486
1.07364
1.07229
1.07083
1.06925
1.06756
1.06578
1.13648
1.18591
1.22703
1.26267
1.29422
1.32251
1.34809
1.37137
1.39264
1.38907
1.38544
1.40491
1.42285
1.43941
1.45473
1.46892
1.48207
1.49428
1.50561
1.51613
1.52591
1.52241
1.51886
1.51829
1.51482
1.51129
1.50772
1.50411
1.51351
1.52229
1.53048
1.53813
1.53468
1.54187
1.53843
1.53495
1.54178
1.53832
1.53866
1.53526
1.53183
1.5384
1.54456
1.55033
1.54702
1.54369
1.5492
1.54589
1.5511
1.55598
1.56055
1.56483
1.56882
1.57254
1.57601
1.57923
1.62526
1.628
1.63052
1.66287
1.69012
1.71403
1.73543
1.73725
1.73889
1.75814
1.77575
1.79195
1.79322
1.79432
1.79527
1.79215
1.793
1.80778
1.82152
1.82214
1.83491
1.84682
1.85797
1.86841
1.87821
1.88741
1.89605
1.90418
1.91182
1.91901
1.92577
1.93213
1.93812
1.94374
1.94904
1.95401
1.95868
1.96306
1.96717
1.97101
1.97461
1.97798
1.98111
1.98165
1.98459
1.98732
1.98986
1.99221
1.99439
1.99638
1.99822
1.99989
2.00141
2.00279
2.00403
2.00513
2.03904
2.06323
2.06398
2.06461
2.06512
2.06566
2.06609
2.06641
2.08647
2.08662
2.10425
2.10425
2.12006
2.11993
2.1197
2.13404
2.14721
2.15939
2.1707
2.18124
2.19109
2.20032
2.20898
2.21711
2.22477
2.22429
2.23149
2.23828
2.23772
2.24412
2.25016
2.25587
2.26125
2.29039
2.31115
2.3287
2.34414
2.35801
2.36272
2.37529
2.38682
2.39746
2.40733
2.41651
2.42507
2.43307
-0
-0
0.918296
0.811278
0.721928
0.918296
0.985228
1
0.991076
1
0.99403
0.979869
0.961237
0.940286
0.970951
0.988699
0.997503
1
0.998001
0.992774
0.985228
0.976021
0.965636
0.954434
0.942683
0.961237
0.975119
0.985228
0.992267
0.996792
0.993234
0.99718
0.999338
1
0.999411
1
0.999473
0.998001
0.995727
0.998196
1.13928
1.1381
1.13609
1.13338
1.13006
1.12622
1.12594
1.12494
1.12332
1.12115
1.11849
1.11542
1.11198
1.22442
1.2969
1.35378
1.40052
1.4398
1.47324
1.50195
1.52672
1.54816
1.56674
1.58283
1.57661
1.57422
1.56823
1.56202
1.55562
1.55407
1.55206
1.5463
1.54038
1.53431
1.52811
1.5218
1.5154
1.50891
1.50235
1.49574
1.48907
1.48237
1.49876
1.51354
1.52687
1.53888
1.54971
1.55945
1.56821
1.57605
1.58307
1.58932
1.59487
1.59977
1.59471
1.58957
1.59186
1.58684
1.58888
1.59053
1.58579
1.58099
1.57612
1.57119
1.57673
1.58173
1.58622
1.59024
1.59382
1.59699
1.59977
1.60218
1.60425
1.60601
1.60746
1.60863
1.60954
1.61019
1.61061
1.61081
1.61079
1.66617
1.66561
1.70372
1.73527
1.76252
1.78657
1.80806
1.82742
1.84499
1.86099
1.87562
1.88902
1.90132
1.89981
1.89814
1.89632
1.89438
1.8923
1.89011
