-0
-0
-0
0.811278
0.970951
1
0.985228
0.954434
0.918296
0.881291
0.845351
1.18872
1.33468
1.28705
1.37095
1.41974
1.44665
1.45915
1.46184
1.45772
1.44882
1.43655
1.42191
1.61255
1.71034
1.77379
1.81644
1.84494
1.86323
1.87391
1.87878
2.02069
2.09476
2.14356
2.17677
2.19916
2.31898
2.38089
2.42124
2.44824
2.46591
2.47667
2.4821
2.58218
2.6341
2.66804
2.69078
2.70561
2.71453
2.80168
2.80477
2.8043
2.80097
2.8451
2.87439
2.89435
2.90766
2.91594
2.92027
2.92142
2.91995
2.91633
2.9109
2.98153
3.01957
3.04535
3.06337
3.07582
3.14053
3.17511
3.19839
3.21448
3.22542
3.23241
3.23624
3.23751
3.23664
3.23398
3.29098
3.32179
3.34274
3.35742
3.36756
3.37421
3.37807
3.37962
3.43132
3.45931
3.47836
3.49173
3.50097
3.50703
3.51053
3.55818
3.58393
3.60145
3.6137
3.62214
3.66701
3.69113
3.70745
3.71878
3.76153
3.78436
3.7997
3.81026
3.81734
3.82172
3.82393
3.82434
3.82323
3.83047
3.82813
3.82468
3.82026
3.81498
3.80896
3.80226
3.79497
3.78715
3.77886
3.77014
3.76105
3.79839
3.81922
3.83383
3.84443
3.85211
3.8575
3.86105
3.86304
3.86371
3.86325
3.8618
3.85948
3.89379
3.91307
3.92668
3.93664
3.94393
3.94913
3.95262
3.9547
3.95555
3.95536
3.95425
3.95233
3.94969
3.9464
3.94253
3.97388
3.99172
4.00446
4.01391
4.02094
4.02609
4.02969
4.03199
4.03318
4.03341
4.0328
4.03144
4.02941
4.02678
4.02362
4.01996
4.01586
4.01135
4.00648
4.00126
3.99574
3.98992
3.98385
3.97753
3.97098
3.96423
3.95729
3.95018
3.94781
3.945
3.94181
3.94136
3.93706
3.94318
3.94927
3.95195
3.95379
3.95488
3.956
3.95646
3.95632
3.95685
3.95885
3.96011
3.98619
4.01205
4.02753
4.05299
4.07823
4.09325
4.11811
4.14276
4.1672
4.19144
4.20572
4.2296
4.25329
4.27678
4.29051
4.31367
4.33664
4.35942
4.38203
4.40445
4.4174
4.43951
4.46145
4.48322
4.50483
4.52626
4.54753
4.55963
4.56827
4.58916
4.601
4.60942
4.62993
4.6503
4.67051
4.69057
4.70183
4.72164
4.74131
4.76083
4.78021
4.79946
4.81857
4.82914
4.83649
4.84176
4.8455
4.86415
4.87444
4.88157
4.89992
4.91814
4.92814
4.93504
4.95297
4.97078
4.9805
4.99811
5.0156
5.03297
5.04239
5.05957
-0
1
1.58496
1.5
1.92193
2.25163
2.52164
2.75
2.72548
2.72193
2.66353
2.58496
2.62352
2.6645
2.65656
2.65564
2.60985
2.62135
2.78086
2.92821
3.06497
3.19242
3.22468
3.3402
3.36888
3.36855
3.47232
3.49917
3.59491
3.61925
3.70809
3.73034
3.81321
3.83366
3.8326
3.81911
3.79759
3.82059
3.84338
3.84709
3.85149
3.85652
3.85072
3.83105
3.80762
3.79747
3.78224
3.78193
3.78225
3.77585
3.76458
3.74963
3.73187
3.71193
3.69027
3.68915
3.68342
3.67417
3.66214
3.64791
3.6319
3.61446
3.60894
3.60072
3.58563
3.60283
3.61985
3.62948
3.61419
3.60588
3.60064
3.59331
3.61077
3.6214
3.67527
3.70166
3.71781
3.7275
3.73257
3.73411
3.73941
3.7268
3.71615
3.70925
3.71201
3.70571
3.70606
3.75365
3.74603
3.73876
3.74529
3.75581
3.74529
3.73761
3.72899
3.72196
3.71285
3.70521
3.69675
3.68757
3.67871
3.66923
3.65919
3.64866
3.63771
3.6304
3.61936
3.61172
3.60352
3.5964
3.60302
3.59266
3.58893
3.58111
3.57284
3.56416
3.5693
3.5926
3.60927
3.61249
3.61425
3.61477
3.61421
3.6054
3.59738
3.59619
3.59998
3.59717
3.59535
3.58762
3.57959
3.57657
3.57296
3.57097
3.56832
3.56113
3.57109
3.57888
3.58489
3.58942
3.60178
3.6228
3.6349
3.64436
3.67866
3.69369
3.70524
3.73864
3.75822
3.77258
3.78356
3.80266
3.83464
3.85327
3.88463
3.89799
3.91605
3.92916
3.95948
3.9692
3.97886
3.9862
3.99173
3.99577
3.99856
4.00028
4.00107
4.00104
4.00028
3.99888
3.99689
4.01357
4.02573
4.02318
4.02015
4.01669
4.01283
4.00862
4.00407
3.99922
3.99408
3.98869
3.98305
3.97719
3.97113
3.97864
3.98456
3.98917
3.99268
4.00855
4.02035
4.02951
4.05542
4.0708
4.08219
4.10756
4.12255
4.14753
4.16224
4.17307
4.18139
4.18786
4.19286
4.19667
4.19947
4.2014
4.20256
4.20306
4.22671
4.24065
4.25091
4.25879
4.26492
4.26966
4.27327
4.27593
4.27775
4.30036
4.31367
4.32345
4.34564
4.35865
4.36819
4.37548
4.38112
4.38545
4.3887
4.41012
4.42265
4.43181
4.4388
4.44418
4.4483
4.45138
4.47208
4.48416
4.5046
4.51649
4.52514
4.54523
4.55688
4.56534
4.57173
4.57661
4.58028
4.58296
4.60242
4.61367
4.62183
4.62799
4.64704
4.65804
4.66598
4.68473
4.69551
4.70328
-0
-0
0.918296
1
0.970951
0.918296
1.37878
1.29879
1.43552
1.37095
1.43537
1.45915
1.41956
1.43156
1.42947
1.40564
1.40208
1.63373
1.73995
1.71289
1.77633
1.81485
1.83702
1.84785
2.01623
2.09696
2.1458
2.17555
2.19246
2.20021
2.20123
2.33306
2.39766
2.43755
2.46237
2.47682
2.48373
2.59393
2.64818
2.68176
2.70263
2.71466
2.72018
2.72072
2.71737
2.71093
2.70201
2.6911
2.67856
2.6647
2.75169
2.79741
2.82769
2.84827
2.86196
2.94008
2.98083
3.0076
3.02557
3.03728
3.10817
3.17715
3.21257
3.23544
3.25042
3.25975
3.2648
3.26646
3.26538
3.26205
3.3229
3.35456
3.37529
3.3891
3.39794
3.40298
3.405
3.40455
3.40207
3.39786
3.45188
3.48041
3.49937
3.51225
3.52074
3.52586
3.52827
3.52846
3.5268
3.52358
3.57214
3.56727
3.56126
3.55426
3.58005
3.59761
3.6099
3.61838
3.62389
3.62703
3.62482
3.62138
3.66507
3.66032
3.65464
3.64814
3.64094
3.6331
3.6247
3.6158
3.60645
3.59671
3.62025
3.63687
3.64904
3.65797
3.66437
3.66872
3.67136
3.67255
3.67249
3.67135
3.70962
3.73125
3.74658
3.75787
3.7662
3.77222
3.77637
3.77894
3.81475
3.83496
3.84926
3.85978
3.86752
3.87308
3.87689
3.87921
3.88027
3.88025
3.87927
3.87746
3.8749
3.87167
3.86785
3.86348
3.85863
3.89099
3.90955
3.9229
3.93289
3.94041
3.946
3.95001
3.95269
3.95424
3.9548
3.9545
3.95344
3.98348
4.00078
4.01326
4.02264
4.02974
4.03504
4.06382
4.08034
4.09222
4.10111
4.10779
4.11276
4.1163
4.1438
4.15953
4.17082
4.17924
4.18555
4.21212
4.22726
4.23809
4.24613
4.25212
4.2565
4.25957
4.26153
4.26253
4.26271
4.26216
4.26096
4.25918
4.25687
4.2541
4.25089
4.24728
4.24332
4.23903
4.26351
4.27767
4.28794
4.29569
4.30158
4.32532
4.34887
4.36241
4.37217
4.37949
4.38502
4.38913
4.39207
4.41475
4.42776
4.43712
4.44412
4.44939
4.4512
4.45511
4.4561
4.45638
4.45603
4.45512
4.4537
4.45182
4.44953
4.44685
4.44383
4.44048
4.44349
4.4456
4.44693
4.44757
4.44761
4.46852
4.48069
4.48955
4.49628
4.50143
4.50534
4.50823
4.52845
4.53041
4.54212
4.55064
4.55709
4.56203
4.56576
4.5685
4.57041
4.5716
4.57215
4.57215
4.57164
4.57069
4.56932
4.56759
4.56551
4.56312
-0
1
0.918296
0.811278
0.721928
0.650022
0.591673
0.543564
0.986427
1.15678
1.24067
1.28067
1.29574
1.29584
1.28669
1.27178
1.2533
1.23266
1.21081
1.18838
1.16578
1.14332
1.12118
1.09948
1.07832
1.05774
1.2471
1.35342
1.42815
1.48322
1.52453
1.55563
1.57889
1.59599
1.60816
1.61633
1.62124
1.62346
1.62346
1.6216
1.6182
1.6135
1.60773
1.60105
1.59361
1.58555
1.57695
1.56793
1.55855
1.54887
1.53896
1.52887
1.51864
1.50829
1.61198
1.67671
1.72638
1.76632
1.79916
1.82646
1.8493
1.86845
1.8845
1.89789
1.98336
2.03628
2.07668
2.109
2.13541
2.14386
2.15052
2.1556
2.15929
2.16176
2.16314
2.16355
2.16309
2.16186
2.18307
2.20095
2.19903
2.1965
2.21173
2.22465
2.23558
2.24477
2.25243
2.25874
2.26385
2.26787
2.27093
2.33275
2.3719
2.40236
2.42717
2.44783
2.46523
2.47995
2.49244
2.50302
2.51193
2.5194
2.52559
2.53063
2.53465
2.53775
2.54002
2.54154
2.54237
2.54258
2.54222
2.59313
2.62555
2.65089
2.67164
2.68899
2.70367
2.71616
2.72681
2.77361
2.80322
2.82624
2.84501
2.86062
2.87376
2.88486
2.89425
2.90217
2.9088
2.91431
2.91882
2.92243
2.92524
2.92731
2.92872
2.92952
2.92977
2.92951
2.92878
2.92763
2.92607
2.92415
2.92188
2.9193
2.91643
2.92452
2.93148
2.93744
2.9425
2.94675
2.95027
2.95314
2.9554
2.99273
3.01674
3.03566
3.05128
3.06445
3.07568
3.08533
3.08655
3.08729
3.08758
3.08746
3.08696
3.0861
3.08491
3.08342
3.08163
3.07958
3.07728
3.07474
3.07198
3.06902
3.07743
3.08477
3.09116
3.09672
3.10152
3.1339
3.15492
3.17161
3.18548
3.19725
3.20738
3.21613
3.22373
3.23033
3.23605
3.24099
3.24523
3.24883
3.25187
3.25437
3.2564
3.25799
3.25916
3.25995
3.2604
3.26051
3.26031
3.25983
3.25908
3.25808
3.25683
3.25537
3.25369
3.25182
3.25569
3.25903
3.26188
3.26427
3.26626
3.26786
3.26911
3.27002
3.27062
3.27093
3.29807
3.3159
3.33019
3.34216
3.35242
3.36133
3.36911
3.37593
3.38192
3.38719
3.39181
3.39584
3.39934
3.40236
3.40494
3.40712
3.40891
3.41036
3.41148
3.4123
3.41284
3.41311
3.43775
3.45395
3.46694
3.47784
3.48718
3.49529
3.50238
3.5086
3.51407
3.53764
3.54235
3.55773
3.5618
3.57405
3.57756
3.58059
-0
-0
-0
-0
-0
-0
-0
-0
-0
-0
-0
0.413817
0.619382
0.749595
0.836641
0.896038
0.936667
0.964079
0.981941
0.992774
1.22169
1.34202
1.42191
1.47733
1.51615
1.54302
1.56102
1.57225
1.57824
1.58015
1.57881
1.57492
1.56898
1.57632
1.58033
1.58162
1.57766
1.57223
1.56557
1.55792
1.54946
1.67489
1.74878
1.80291
1.84448
1.87701
1.90264
1.92281
1.93855
1.95063
1.95966
1.9661
1.97035
1.97271
1.97345
1.9728
1.96645
1.95944
1.95187
1.94382
1.94417
1.94343
1.94173
1.9392
1.93592
1.93198
1.92746
1.92242
2.00385
2.05467
2.09372
2.12517
2.15103
2.17253
2.1905
2.20552
2.21806
2.22845
2.23699
2.2439
2.24938
2.25358
2.25665
2.25871
2.25987
2.2602
2.2598
2.25874
2.25707
2.25485
2.25214
2.24898
2.2454
2.24146
2.30213
2.34086
2.33595
2.36614
2.39093
2.41171
2.42936
2.44442
2.45733
2.46838
2.47783
2.53147
2.56554
2.59212
2.61384
2.63196
2.64727
2.66025
2.67129
2.68067
2.68859
2.69524
2.70076
2.70527
2.70888
2.71166
2.71371
2.71507
2.71583
2.71601
2.76151
2.7905
2.81318
2.83176
2.84732
2.86049
2.8717
2.88125
2.88939
2.89628
2.90209
2.90692
2.91088
2.91405
2.91651
2.91832
2.91954
2.92022
2.92039
2.92011
2.9194
2.9183
2.91684
2.91504
2.91292
2.91051
2.90783
2.9049
2.90173
2.93941
2.96376
2.98302
2.99898
3.01248
3.02404
3.03401
3.04262
3.05006
3.05649
3.062
3.06671
3.07069
3.07401
3.07673
3.07889
3.08055
3.08174
3.08251
3.08287
3.08286
3.08251
3.08183
3.08085
3.0796
3.07808
3.07631
3.07431
3.07209
3.06967
3.06706
3.06427
3.0613
3.05818
3.0549
3.05148
3.04793
3.04425
3.04045
3.03653
3.06747
3.08788
3.10426
3.11803
3.12985
3.14013
3.14913
3.15706
3.16404
3.1702
3.17563
3.18039
3.18456
3.18819
3.19132
3.19399
3.19625
3.1981
3.1996
3.20076
3.2016
3.20214
3.20241
3.20242
3.20218
3.20171
3.20102
3.20012
3.19903
3.19776
3.19631
3.1947
3.19293
3.19101
3.18895
3.18676
3.18443
3.21087
3.22849
3.24274
3.2548
3.26523
3.27437
3.28244
3.2896
3.29596
3.30163
3.30668
3.31117
3.31515
3.31866
3.32176
3.32445
3.32679
3.32879
3.33047
3.33186
3.33297
3.33383
3.33444
3.35843
3.37441
3.38734
-0
-0
-0
-0
-0
-0
-0
-0
-0
-0
-0
-0
-0
-0
-0
-0
-0
-0
-0
-0
-0
-0
-0
-0
-0
-0
-0
-0
-0
-0
-0
-0
-0
-0
0.187176
0.365099
0.480433
0.470956
0.560279
0.633805
0.622984
0.684533
0.781452
0.857572
0.992257
1.0783
1.0628
1.12935
1.18381
1.23667
1.28088
1.32393
1.3604
1.39602
1.42644
1.45624
1.48182
1.50696
1.5286
1.54992
1.56831
1.58416
1.59778
1.60946
1.61942
1.62785
1.63491
1.64076
1.64552
1.64929
1.65218
1.65427
1.65563
1.65634
1.65645
1.65602
1.6551
1.65373
1.65195
1.6498
1.64731
1.64452
1.64144
1.63811
1.63454
1.70693
1.75487
1.79333
1.82559
1.85327
1.87733
1.89841
1.91698
1.9334
1.94794
1.96084
1.97226
1.98238
1.99132
1.9992
2.00611
2.01214
2.01736
2.02185
2.02566
2.08357
2.12183
2.15252
2.17827
2.20035
2.21954
2.23635
2.25114
2.2642
2.27575
2.28596
2.29498
2.30292
2.30991
2.31602
2.32133
2.32592
2.32983
2.33313
2.33587
2.33808
2.3398
2.34107
2.34192
2.34239
2.34249
2.34225
2.3417
2.38768
2.41825
2.44289
2.46367
2.48159
2.49724
2.51101
2.52319
2.534
2.5436
2.55214
2.55973
2.56645
2.57239
2.57763
2.58221
2.62277
2.64962
2.6712
2.68937
2.70499
2.7186
2.73054
2.74107
2.75039
2.75863
2.76592
2.77237
2.77804
2.78302
2.78737
2.79113
2.79435
2.83045
2.85426
2.87337
2.87574
2.89174
2.8936
2.9073
2.91922
2.92967
2.93888
2.947
2.95418
2.96051
2.96609
2.97099
2.97526
2.97897
2.98216
2.98487
2.98714
2.98899
2.99046
2.99157
2.99236
2.99282
2.993
2.9929
2.99255
3.02359
3.02288
3.02193
3.02078
3.01942
3.03973
3.05613
3.05449
3.0683
3.08023
3.09066
3.09985
3.10799
3.11521
3.12163
3.12733
3.13239
3.13687
3.14081
3.14427
3.14727
3.14987
3.15208
3.15393
3.15544
3.15665
3.15756
3.1582
3.15858
3.15872
3.15863
3.18563
3.18523
3.20315
3.20251
3.21697
3.22922
3.23982
3.24911
3.25731
3.26459
3.27106
3.27683
3.28197
3.28654
3.2906
3.29419
3.29735
3.30011
3.3025
3.30455
3.30628
3.30771
3.30886
3.30976
3.3104
3.31082
3.31101
3.311
3.31079
3.31039
3.33434
-0
1
0.918296
0.811278
0.721928
0.650022
0.591673
0.543564
0.503258
0.468996
0.439497
0.413817
0.391244
0.371232
0.353359
0.33729
0.322757
0.309543
0.297472
0.286397
0.276195
0.266765
0.258019
0.249882
0.242292
0.235193
0.455021
0.589626
0.690695
0.770344
0.834646
0.887307
0.930822
0.96698
0.997119
1.02227
1.04323
1.06067
1.07509
1.08694
1.09658
1.10431
1.11037
1.115
1.11836
1.12063
1.12193
1.12238
1.12209
1.12115
1.11963
1.1176
1.11512
1.11225
1.10904
1.10551
1.10172
1.20839
1.27796
1.33303
1.37866
1.41732
1.45051
1.47925
1.50427
1.52612
1.54526
1.56202
1.5767
1.58954
1.60074
1.61048
1.61891
1.62616
1.63235
1.63757
1.64192
1.64546
1.64829
1.65045
1.652
1.653
1.6535
1.65353
1.65313
1.65234
1.65118
1.72212
1.76918
1.80699
1.83875
1.86603
1.88977
1.9106
1.92898
1.94525
1.95968
1.9725
1.98387
1.99397
2.0029
2.01079
2.01773
2.0238
2.02908
2.03364
2.03753
2.0408
2.0435
2.04568
2.04737
2.04861
2.04943
2.04986
2.04993
2.04966
2.04908
2.04821
2.04706
2.04566
2.04401
2.04215
2.04007
2.0378
2.03535
2.03273
2.02994
2.02701
2.02394
2.02073
2.01741
2.01397
2.01042
2.00677
2.05497
2.05098
2.08372
2.11058
2.13361
2.15378
2.17167
2.18768
2.2021
2.21513
2.22694
2.23767
2.24742
2.2563
2.26437
2.27172
2.2784
2.28445
2.28994
2.29489
2.29935
2.30335
2.30692
2.31009
2.31288
2.31532
2.31742
2.31921
2.32071
2.32192
2.32288
2.32358
2.32406
2.3243
2.32434
2.32418
2.32382
2.36185
2.38793
2.40942
2.4279
2.44416
2.45863
2.47163
2.48338
2.49403
2.50372
2.51256
2.52063
2.52799
2.53472
2.54087
2.54647
2.54549
2.54434
2.54949
2.55418
2.55844
2.5623
2.56578
2.56892
2.57173
2.57423
2.57643
2.57836
2.58003
2.58146
2.58265
2.58361
2.58437
2.58493
2.5853
2.58549
2.5855
2.58535
2.58504
2.58459
2.58399
2.58326
2.58239
2.5814
2.58029
2.6108
2.63189
2.64937
2.66449
2.66303
2.66146
2.65979
2.65803
2.65618
2.66942
2.6813
2.69205
2.70182
2.71075
2.71893
2.72645
2.73337
2.73974
2.74561
2.75102
2.756
2.76058
2.7648
2.76868
2.77223
2.77548
2.77844
2.78114
2.78358
2.78578
2.78775
2.78951
2.79106
2.79242
2.79359
2.79458
2.7954
2.79606
2.79657
2.79693
-0
-0
-0
-0
-0
-0
-0
-0
-0
-0
-0
-0
-0
0.371232
0.56651
0.696212
0.787127
0.852405
0.899744
0.934068
0.958712
0.976021
0.987693
0.994985
0.998846
1
0.99901
0.996317
0.992267
0.987138
0.981152
0.974489
0.967295
0.959687
0.951763
0.943602
0.935269
0.926819
0.918296
0.909736
0.90117
0.892623
0.884115
0.875663
0.867282
0.858981
0.850771
0.842658
0.834648
0.826746
0.818956
0.811278
0.803716
0.79627
0.788941
0.781728
0.774632
0.767652
0.87859
0.952906
1.0128
1.06324
1.10666
1.14455
1.1779
1.20744
1.23372
1.25719
1.27819
1.29702
1.3139
1.32906
1.34267
1.35487
1.36581
1.37559
1.38432
1.3921
1.399
1.4051
1.41045
1.41513
1.41919
1.42267
1.42561
1.42807
1.43006
1.43164
1.43282
1.43364
1.43412
1.43429
1.43417
1.50391
1.55129
1.58997
1.62296
1.65171
1.6771
1.6997
1.71995
1.73818
1.75462
1.7695
1.78297
1.79519
1.80626
1.8163
1.8254
1.83362
1.84106
1.84776
1.85378
1.85918
1.864
1.86827
1.87205
1.87535
1.87822
1.9321
1.96865
1.99852
2.02401
2.04625
2.0659
2.08342
2.09911
2.11324
2.126
2.13753
2.14797
2.15742
2.16597
2.17371
2.1807
2.187
2.19267
2.19776
2.20229
2.20633
2.20989
2.21301
2.21571
2.21804
2.22
2.22162
2.22293
2.22393
2.22466
2.22512
2.22532
2.22529
2.22504
2.22458
2.22391
2.22306
2.22203
2.22083
2.21947
2.26035
2.25865
2.25681
2.25483
2.25273
2.28032
2.30308
2.30069
2.29819
2.29558
2.33412
2.33125
2.32829
2.32525
2.32212
2.31891
2.31562
2.31227
2.30885
2.30537
2.30182
2.29823
2.32377
2.34495
2.36327
2.37947
2.37563
2.39012
2.42525
2.44946
2.46948
2.46534
2.4826
2.49783
2.51144
2.52371
2.51947
2.55268
2.57549
2.59431
2.58982
2.60053
2.61027
2.61916
2.62728
2.63473
2.64154
2.65723
2.65277
2.66657
2.67889
2.68998
2.70002
2.69553
2.70467
2.71065
2.71612
2.72114
2.72572
2.72991
2.73372
2.72938
2.73288
2.73605
2.73891
2.74149
2.7438
2.73959
2.74168
2.73987
2.74175
2.74339
2.74154
2.73961
2.73565
2.73368
2.73163
2.7295
2.72956
2.72947
2.72924
2.72888
2.7284
2.72477
2.7242
2.72353
2.72274
2.72087
2.72001
2.71905
2.71563
2.71462
2.71351
2.71231
2.71103
2.70966
2.70821
-0
-0
-0
-0
-0
-0
-0
-0
-0
-0
-0
0.413817
0.619382
0.749595
0.836641
0.896038
0.936667
0.964079
0.981941
0.992774
0.998364
1
0.998636
0.994985
0.989588
0.982859
0.975119
0.966619
0.957553
0.948078
0.938315
0.928362
0.918296
0.908178
0.898059
0.887976
0.877962
0.86804
0.858231
0.848548
0.839004
0.829607
0.820364
0.811278
0.802353
0.793591
0.784992
0.776556
0.768281
0.760168
0.752212
0.744413
0.736768
0.729274
0.721928
0.714727
0.707669
0.70075
0.693966
0.687315
0.680794
0.674399
0.668127
0.661976
0.655942
0.650022
0.644214
0.638515
0.632921
0.62743
0.62204
0.616748
0.611552
0.606448
0.601435
0.596511
0.591673
0.586919
0.582246
0.577654
0.573139
0.568701
0.564336
0.560044
0.555823
0.55167
0.547584
0.543564
0.539608
0.535715
0.531883
0.52811
0.524395
0.520738
0.517135
0.513588
0.510093
0.50665
0.503258
0.499916
0.496622
0.493376
0.490176
0.487021
0.483911
0.480845
0.477821
0.474838
0.471897
0.468996
0.466133
0.463309
0.460523
0.457773
0.45506
0.452382
0.449738
0.447129
0.444552
0.442009
0.439497
0.437017
0.434567
0.432148
0.429759
0.427398
0.425066
0.422762
0.420486
0.418237
0.416014
0.413817
0.411646
0.409499
0.407378
0.405281
0.403207
0.401157
0.39913
0.397125
0.395143
0.393183
0.391244
0.389326
0.387428
0.385552
0.383695
0.381858
0.38004
0.378242
0.376462
0.374701
0.372958
0.371232
0.369525
0.367834
0.366161
0.364505
0.362865
0.361241
0.359634
0.358042
0.356466
0.354905
0.353359
0.351828
0.350312
0.34881
0.347323
0.345849
0.344389
0.342943
0.34151
0.34009
0.338684
0.33729
0.335909
0.33454
0.333184
0.33184
0.330508
0.329187
0.327879
0.326581
0.325295
0.324021
0.322757
0.321504
0.320262
0.31903
0.317809
0.316599
0.315398
0.314208
0.313027
0.311856
0.310695
0.309543
0.308401
0.307268
0.306145
0.30503
0.303924
0.302828
0.301739
0.30066
0.299589
0.298526
0.297472
0.296426
0.295388
0.294358
0.293337
0.292322
0.291316
0.290317
0.289326
0.288342
0.287366
0.286397
0.285435
0.28448
0.283533
0.282592
0.281658
0.280731
0.279811
0.278897
0.27799
0.27709
0.276195
0.275308
0.274426
0.273551
0.272682
0.271819
0.270962
0.270111
0.269266
0.268426
0.267593
0.266765
0.265943
0.265126
0.264315
0.26351
0.262709
0.261914
0.261125
0.260341
0.259562
0.258788
0.258019
0.257255
0.256496
0.255742
-0
-0
-0
-0
-0
-0
-0
-0
-0
-0
-0
-0
-0
-0
-0
-0
-0
-0
-0
-0
-0
-0
-0
-0
-0
-0
-0
-0
-0
-0
-0
-0
-0
-0
-0
-0
-0
-0
-0
-0
-0
-0
-0
-0
-0
-0
-0
-0
-0
-0
-0
-0
-0
-0
-0
-0
-0
-0
-0
-0
-0
-0
-0
-0
-0
-0
-0
-0
-0
-0
-0
-0
-0
-0
-0
-0
-0
-0
-0
-0
-0
-0
-0
-0
-0
-0
-0
-0
-0
-0
-0
-0
-0
-0
-0
-0
-0
-0
-0
-0
-0
-0
-0
-0
-0
-0
-0
-0
-0
-0
-0
-0
-0
-0
-0
-0
-0
-0
-0
-0
-0
-0
-0
-0
-0
-0
-0
-0
-0
-0
-0
-0
-0
-0
-0
-0
-0
-0
-0
-0
-0
-0
-0
-0
-0
-0
-0
-0
-0
-0
-0
-0
-0
-0
-0
-0
-0
-0
-0
-0
-0
-0
-0
-0
-0
-0
-0
-0
-0
-0
-0
-0
-0
-0
-0
-0
-0
-0
-0
-0
-0
-0
-0
-0
-0
-0
-0
-0
-0
-0
-0
-0
-0
-0
-0
-0
-0
-0
-0
-0
-0
-0
-0
-0
-0
-0
-0
-0
-0
-0
-0
-0
-0
-0
-0
-0
-0
-0
-0
-0
-0
-0
-0
-0
-0
-0
-0
-0
-0
-0
-0
-0
-0
-0
-0
-0
-0
-0
-0
-0
-0
-0
-0
-0
-0
-0
-0
-0
-0
-0
-0
-0
-0
-0
-0
-0
-0
-0
-0
-0
-0
-0
-0
-0
-0
-0
-0
-0
-0
-0
-0
-0
-0
-0
0.297472
0.468996
0.591673
0.684038
0.755375
0.811278
0.855451
0.890492
0.918296
0.940286
0.957553
0.970951
0.981152
0.988699
0.99403
0.997503
0.999411
1
0.999473
0.998001
0.995727
0.992774
0.996134
0.993447
0.996486
0.998509
0.999644
1
0.999673
0.998747
0.9997
1
0.999723
0.998933
0.999743
1
0.999762
0.99908
0.999778
0.999142
0.999793
1
0.999806
0.999249
0.998364
0.99718
0.995727
0.99403
0.992112
0.989993
0.987693
0.985228
0.982615
0.979869
0.977001
0.974025
0.970951
0.967788
0.964548
0.961237
0.957863
0.954434
0.950956
0.947435
0.943877
0.940286
0.936667
0.933025
0.929364
0.925686
0.921996
0.918296
0.995485
1.04943
1.09427
1.1331
1.16744
1.19819
1.22598
1.25124
1.27431
1.29546
1.31491
1.33282
1.34936
1.36464
1.37878
1.39188
1.4553
1.46686
1.51032
1.54625
1.57724
1.60453
1.62888
