-0
-0
-0
-0
0.721928
0.918296
0.985228
1
0.991076
1.36096
1.32218
1.28067
1.2389
1.19812
1.15894
1.12164
1.08631
1.05294
1.02146
0.99176
0.963746
0.937301
0.912316
0.888687
0.866314
0.991264
1.08106
1.14883
1.20115
1.24195
1.27387
1.29879
1.31809
1.33282
1.34379
1.35164
1.35691
1.35999
1.36125
1.36096
1.35937
1.48933
1.48447
1.47877
1.47236
1.54797
1.60497
1.65002
1.68641
1.71612
1.74049
1.7605
1.77686
1.79014
1.8008
1.8092
1.81565
1.82039
1.82365
1.82561
1.82641
1.8262
1.82509
1.82319
1.82059
1.81735
1.81357
1.89748
1.95028
1.99108
2.02413
2.05147
2.07436
2.09364
2.1099
2.12361
2.13512
2.14473
2.15266
2.15912
2.16427
2.23289
2.27598
2.30926
2.33619
2.35845
2.37706
2.39269
2.40582
2.41684
2.42602
2.48616
2.52366
2.5525
2.57574
2.59485
2.61073
2.62397
2.635
2.64415
2.65167
2.65777
2.66261
2.66633
2.66906
2.6709
2.67192
2.67222
2.67185
2.67089
2.66937
2.66736
2.66488
2.66198
2.6587
2.65507
2.65111
2.69915
2.69462
2.72503
2.7488
2.76825
2.78452
2.79828
2.80999
2.81995
2.82843
2.83561
2.84164
2.88485
2.91222
2.93355
2.95094
2.96544
2.97765
2.98799
2.99674
3.00413
3.01033
3.01549
3.01972
3.02311
3.02575
3.0277
3.02903
3.0298
3.03004
3.02981
3.06757
3.09157
3.11031
3.12564
3.13845
3.14927
3.15845
3.19413
3.21666
3.2342
3.24849
3.26037
3.27036
3.2788
3.31259
3.31951
3.3253
3.33011
3.35102
3.36724
3.38042
3.39134
3.40049
3.40818
3.41464
3.42003
3.42448
3.42811
3.45906
3.47847
3.4935
3.50567
3.51575
3.52416
3.5312
3.53708
3.54197
3.54598
3.54922
3.55176
3.58059
3.59864
3.61258
3.62386
3.63318
3.64094
3.64742
3.65281
3.65728
3.66092
3.66383
3.6661
3.66778
3.66893
3.6696
3.66982
3.66963
3.66907
3.66816
3.66693
3.6654
3.69153
3.70797
3.72073
3.73109
3.73969
3.74689
3.75293
3.758
3.76222
3.7657
3.76852
3.77075
3.77245
3.79697
3.7981
3.81346
3.8141
3.82598
3.83564
3.84364
3.85034
3.85597
3.86068
3.8646
3.88787
3.90246
3.91375
3.92291
3.93048
3.9368
3.94208
3.94649
3.95013
3.95312
3.9555
3.95736
3.95874
3.95968
3.96022
3.96039
3.96022
3.95974
3.95897
3.95793
3.95663
3.9551
3.95334
-0
1
0.918296
0.811278
0.721928
0.918296
0.985228
0.954434
0.991076
1
0.99403
0.979869
0.961237
0.940286
0.918296
0.896038
0.873981
0.852405
0.831474
0.811278
0.791858
0.773227
0.755375
0.738285
0.721928
0.706274
0.69129
0.676942
0.663197
0.650022
0.708836
0.757878
0.799049
0.96698
1.06939
1.14628
1.20685
1.25566
1.3955
1.47928
1.54143
1.66706
1.78764
1.85805
1.90928
2.01887
2.08191
2.18463
2.24296
2.28444
2.37888
2.43177
2.52093
2.60728
2.65462
2.68726
2.76753
2.84547
2.92119
2.96146
3.0336
3.07153
3.09664
3.11366
3.18044
3.24552
3.30899
3.3415
3.40236
3.4332
3.49164
3.54874
3.57715
3.63208
3.68581
3.71206
3.76386
3.78892
3.80403
3.85342
3.87713
3.89127
3.93847
3.98475
4.00662
4.05143
4.07242
4.08454
4.12753
4.16974
4.18922
4.23019
4.27045
4.28874
4.32785
4.34548
4.38352
4.40052
4.40971
4.4464
4.48252
4.49845
4.50689
4.54179
4.57615
4.61
4.62464
4.65766
4.6902
4.70409
4.71104
4.74258
4.77368
4.78679
4.79323
4.82341
4.83609
4.84226
4.84432
4.87348
4.90225
4.93066
4.94243
4.97025
4.98171
5.00895
5.03585
5.0468
5.05181
5.07802
5.08865
5.09349
5.11904
5.1443
5.15445
5.15897
5.18362
5.20798
5.23207
5.24161
5.26526
5.26926
5.27855
5.28253
5.30553
5.32829
5.33719
5.34095
5.34142
5.36359
5.37228
5.37596
5.39765
5.41913
5.44039
5.44861
5.45198
5.47281
5.48085
5.48412
5.48437
5.48242
5.47877
5.49899
5.50691
5.51023
5.51063
5.53039
5.54997
5.5576
5.57689
5.58438
5.60339
5.6064
5.61373
5.61674
5.61699
5.61524
5.61192
5.63036
5.62576
5.63301
5.63611
5.63055
5.62412
5.62471
5.62338
5.62056
5.61653
5.6097
5.60223
5.60314
5.62091
5.62822
5.63162
5.63252
5.64992
5.65709
5.66042
5.66131
5.67837
5.68539
5.68867
5.68954
5.68866
5.68641
5.68305
5.69967
5.70659
5.70989
5.71086
5.71014
5.70598
5.70106
5.69546
5.68927
5.68257
5.67541
5.66784
5.6599
5.65162
5.64304
5.63419
5.62508
5.61575
5.61462
5.61246
5.60944
5.60568
5.60129
5.59633
5.61229
5.61955
5.61409
5.61813
5.62007
5.61426
5.60805
5.60149
5.60205
5.59522
5.58681
5.5782
5.56942
5.56904
5.56771
5.56557
5.56274
5.55612
5.55276
5.54593
5.53886
5.53158
5.52408
5.52046
5.53577
-0
-0
0.918296
0.811278
0.721928
0.650022
0.591673
1.06128
1.22439
1.29546
1.32218
1.32501
1.31432
1.29584
1.27291
1.24756
1.49693
1.6122
1.67982
1.71997
1.74238
1.75266
1.75441
1.75
1.74112
1.72896
1.71441
1.70797
1.69876
1.68745
1.83861
1.91928
1.97355
1.95734
1.9401
1.9221
1.9617
1.99065
2.01164
1.9951
1.97804
2.04565
2.09336
2.20227
2.30707
2.40802
2.50533
2.59923
2.6491
2.73756
2.82311
2.86746
2.94839
2.98979
3.01645
3.03387
3.04474
3.05066
3.0527
3.05164
3.07713
3.07356
3.14237
3.17814
3.20153
3.21713
3.22715
3.23292
3.23533
3.29713
3.32931
3.32827
3.32505
3.32001
3.31345
3.30557
