-0
-0
-0
-0
-0
-0
-0
-0
-0
-0
-0
-0
-0
-0
-0
-0
-0
-0
-0
-0
-0
-0
-0
-0
0.242292
0.391244
0.380947
0.371232
0.362051
0.468996
0.554778
0.625262
0.613619
0.672295
0.721928
0.764205
0.800392
0.831474
0.858231
0.881291
0.90117
0.918296
0.933025
0.94566
0.956457
0.965636
0.973385
0.979869
0.985228
0.989588
0.993055
0.995727
0.997688
0.99901
0.999762
1
0.999778
0.999142
0.998134
0.996792
0.995148
0.993234
0.991076
0.988699
0.986126
0.983376
0.980468
0.977418
0.974241
0.970951
0.967559
0.964079
0.960519
0.956889
0.953197
0.949452
0.94566
1.0325
1.09205
1.14091
1.18273
1.17708
1.17143
1.16578
1.16015
1.15452
1.19031
1.18454
1.1788
1.21044
1.2046
1.19879
1.22711
1.22126
1.24689
1.27026
1.29165
1.31129
1.32934
1.34598
1.36133
1.37551
1.38862
1.40074
1.41195
1.42233
1.43193
1.44081
1.44902
1.4566
1.4636
1.47005
1.47599
1.48145
1.48647
1.49106
1.49525
1.49907
1.50253
1.50567
1.50849
1.51101
1.51325
1.51523
1.51696
1.51845
1.51972
1.52077
1.52162
1.52228
1.52276
1.52307
1.52321
1.5232
1.52304
1.52274
1.5223
1.52174
1.52107
1.52027
1.51937
1.51836
1.51726
1.51606
1.51477
1.5134
1.51195
1.51042
1.50882
1.50715
1.50541
1.50361
1.55062
1.54853
1.58185
1.60997
1.63467
1.65681
1.6769
1.69528
1.71221
1.70954
1.72517
1.72244
1.73694
1.75044
1.76305
1.77485
1.7859
1.79626
1.80598
1.81512
1.82371
1.83179
1.83939
1.84655
1.85327
1.8596
1.86556
1.87115
1.87642
1.88136
1.886
1.89035
1.89443
1.89825
1.90182
1.90515
1.90826
1.91115
1.91383
1.91632
1.91862
1.92074
1.92268
1.92446
1.92608
1.96215
1.98785
1.98906
1.99013
1.99107
1.99187
1.99255
2.01387
2.03264
2.0495
2.06484
2.07891
2.09189
2.10392
2.11512
2.12556
2.13532
2.14447
2.15304
2.1611
2.16867
2.17578
2.18248
2.18878
2.19472
2.2003
2.20556
2.21051
2.21516
2.21954
2.21971
2.21979
2.21976
2.21963
2.21941
2.2191
2.2187
2.21822
2.21765
2.21701
2.21523
2.21435
2.21256
2.21072
2.20884
2.20692
2.20496
2.20296
2.20092
2.19884
2.19673
2.19458
2.19241
2.1902
2.18796
2.18569
2.18339
2.18106
2.17871
-0
-0
-0
0.811278
0.970951
1
0.985228
0.954434
0.918296
0.881291
0.845351
0.811278
0.77935
0.749595
0.721928
0.696212
0.672295
0.650022
0.629249
0.60984
0.591673
0.574636
0.558629
0.543564
0.529361
0.515947
0.503258
0.70757
0.690695
0.67468
0.659459
0.644974
0.631172
0.618004
0.605427
0.5934
0.581889
0.570858
0.560279
0.550123
0.653352
0.73453
0.80133
0.788871
0.776828
0.76518
0.753908
0.742993
0.73242
0.722171
0.712232
0.702588
0.693227
0.684136
0.675304
0.72802
0.774243
0.815144
0.851574
0.884184
0.913485
0.939893
0.963746
0.985331
1.00489
1.02263
1.03873
1.05335
1.06662
1.07866
1.08958
1.09948
1.10845
1.11655
1.12386
1.13043
1.13634
1.14162
1.14632
1.1505
1.23226
1.23512
1.29022
1.33524
1.37363
1.40709
1.43663
1.46294
1.48652
1.50775
1.52693
1.54428
1.56003
1.57432
1.5873
1.5991
1.60981
1.61954
1.62836
1.63635
1.64357
1.65009
1.71292
1.71825
1.72299
1.72718
1.76877
1.77214
1.80588
1.83467
1.85977
1.88194
1.9017
1.91941
1.92157
1.92331
1.92467
1.94048
1.94145
1.94209
1.94242
1.94247
1.94224
1.94175
1.94103
1.94009
1.93893
1.93758
1.93603
1.93432
1.93244
1.93377
1.93482
1.93296
1.93095
1.92881
1.92653
1.92413
1.92162
1.91899
1.91627
1.91344
1.91053
1.90753
1.90445
1.90129
1.89806
1.89476
1.8914
1.88798
1.88451
1.88098
1.8774
1.87378
1.87012
1.86641
1.86267
1.85889
1.85508
1.85124
1.84737
1.84348
1.8573
1.87013
1.88206
1.89318
1.90355
1.91323
1.92228
1.93075
1.93866
1.94607
1.953
1.95949
1.96555
1.97122
1.97652
1.98147
1.98608
1.99038
1.99438
1.9981
2.00155
2.00474
2.00769
2.01041
2.0129
2.01519
2.01727
2.01916
2.02086
2.02239
2.02375
2.02495
2.026
2.02689
2.02765
2.02826
2.02875
2.02911
2.02935
2.02948
2.02949
2.0294
2.02921
2.02891
2.02853
2.06271
2.08704
2.10757
2.12562
2.14181
2.15651
2.16998
2.18239
2.19389
2.20456
2.21451
2.2238
2.23248
2.24062
2.24824
2.2554
2.26212
2.26842
2.27435
2.27992
2.28515
2.29006
2.29467
2.299
2.30305
2.30685
2.31041
2.31374
2.31685
2.31974
2.32244
2.32494
2.32726
2.3294
2.33138
2.33319
2.36203
2.36359
2.365
2.36627
2.36741
2.36841
2.36929
2.37004
2.39007
2.40698
2.40752
2.40794
2.42273
-0
-0
-0
-0
-0
-0
-0
-0
-0
-0
-0
-0
-0
-0
-0
-0
-0
-0
-0
0.286397
0.276195
0.266765
0.513185
0.658351
0.764114
0.845106
0.96827
1.02706
1.07355
1.11055
1.14005
1.1635
1.24067
1.25767
1.27079
1.28067
1.28785
1.29276
1.29574
1.35088
1.35173
1.35123
1.34958
1.34695
1.34347
1.33927
1.33446
1.32912
1.44572
1.48605
1.47855
1.54876
1.60259
1.59378
1.58473
1.57548
1.56606
1.55652
1.54688
1.57839
1.62
1.65476
1.68419
1.70927
1.73075
1.74917
1.76498
1.77851
1.79005
1.81333
1.82295
1.83104
1.83777
1.84328
1.8477
1.85114
1.8537
1.85546
1.87487
1.87588
1.87623
1.876
1.87523
1.87396
1.87225
1.87013
1.88712
1.88465
1.88184
1.87873
1.87532
1.87166
1.86776
1.86365
1.85933
1.85484
1.85018
1.85355
1.8489
1.84411
1.8392
1.83416
1.82902
1.82378
1.81845
1.81304
1.81706
1.82055
1.82354
1.81848
1.87625
1.91525
1.94698
1.97398
1.97565
1.97693
1.97784
1.97839
2.00145
2.0218
2.03991
2.03993
2.03966
2.0391
2.03829
2.03724
