-0
-0
-0
-0
-0
-0
-0
-0
-0
-0
-0
-0
-0
-0
-0
0.33729
0.322757
0.309543
0.297472
0.468996
0.453716
0.439497
0.426229
0.413817
0.529361
0.619382
0.605187
0.591673
0.578795
0.56651
0.554778
0.543564
0.532835
0.522559
0.512709
0.503258
0.494183
0.485461
0.477071
0.468996
0.622984
0.612561
0.711154
0.788871
0.852969
0.907053
0.953322
0.99327
1.02798
1.05827
1.0848
1.10806
1.1285
1.14645
1.16222
1.17605
1.18816
1.19873
1.20792
1.31008
1.3765
1.42898
1.47238
1.50909
1.54055
1.56773
1.59134
1.61191
1.62986
1.64554
1.65921
1.67112
1.68145
-0
-0
-0
-0
-0
-0
-0
-0
-0
-0
-0
-0
-0
-0
-0
0.33729
0.322757
0.309543
0.297472
0.468996
0.453716
0.439497
0.426229
0.413817
0.529361
0.619382
0.605187
0.591673
0.578795
0.56651
0.554778
0.543564
0.532835
0.522559
0.512709
0.503258
0.494183
0.485461
0.477071
0.468996
0.622984
0.612561
0.711154
0.788871
0.852969
0.907053
0.953322
0.99327
1.02798
1.05827
1.0848
1.10806
1.1285
1.14645
1.16222
1.17605
1.18816
1.19873
1.20792
1.31008
1.3765
1.42898
1.47238
1.50909
1.54055
1.56773
1.59134
1.61191
1.62986
1.64554
1.65921
1.67112
1.68145
