-0
1
0.918296
0.811278
0.721928
0.650022
0.591673
0.543564
0.986427
1.15678
1.24067
1.28067
1.29574
1.29584
1.28669
1.27178
1.2533
1.23266
1.21081
1.18838
1.16578
1.14332
1.12118
1.09948
1.07832
1.05774
1.03777
1.01842
0.9997
1.17722
1.28032
1.35484
1.41136
1.45512
1.48929
1.51599
1.53675
1.55268
1.56465
1.57333
1.57927
1.58289
1.58456
1.58458
1.58318
1.58058
1.57695
1.57245
1.56719
1.56128
1.55482
1.5479
1.54058
1.53291
1.52497
1.51678
1.5084
1.49985
1.49117
1.48239
1.47352
1.4646
1.45563
1.44664
1.43764
1.42864
1.41965
1.50935
1.49953
1.48975
1.54739
1.53729
1.58291
1.62094
1.65336
1.68135
1.70573
1.72707
1.74582
1.76231
1.77684
1.78963
1.80088
1.81074
1.81935
1.82685
1.83333
1.83888
1.84359
1.84754
1.85078
1.85337
1.85538
1.85683
1.85779
1.92198
1.96439
1.99837
2.02687
2.0513
2.07251
2.09108
2.10741
2.12183
2.13457
2.14585
2.15581
2.16459
2.17232
2.17909
2.18499
2.1901
2.19447
2.19818
2.20127
2.2038
2.2058
2.20732
2.20839
2.20904
2.2093
2.2092
2.20876
2.20801
2.20696
2.20564
2.20407
2.20226
2.20022
2.24837
2.2806
2.30671
2.32882
2.34796
2.36474
2.37958
2.39278
2.40454
2.41506
2.42447
2.43289
2.44041
2.44712
2.4899
2.51837
2.54135
2.56074
2.57748
2.5921
2.60499
2.6164
2.62653
2.63554
2.64356
2.65069
2.65701
2.66261
2.66754
2.67186
2.67562
2.67886
2.68162
2.68393
2.68584
2.68735
2.6885
2.68932
2.68982
2.69003
2.68995
2.68961
2.72552
2.74949
2.7689
2.78533
2.79955
2.81202
2.82304
2.83282
2.84153
2.8493
2.85624
2.86243
2.86794
2.87283
2.87716
2.88096
2.88429
2.88718
2.88965
2.89174
2.89347
2.89486
2.92653
2.94766
2.96475
2.97923
2.99175
3.00272
3.01242
3.02102
3.02868
3.03551
3.04159
3.04701
3.05183
3.0561
3.05986
3.06317
3.06604
3.06852
3.07062
3.07239
3.07383
3.07497
3.07582
3.07641
3.07675
3.07685
3.07673
3.0764
3.07587
3.07515
3.07425
3.07318
3.10055
3.1189
3.13381
3.14647
3.15746
3.16713
3.17571
3.18334
3.19017
3.19628
3.20175
3.20665
3.21103
3.21493
3.21839
3.22145
3.22414
3.22648
3.2285
3.23021
3.23164
3.23281
3.23372
3.2344
3.23485
3.2351
3.23514
3.235
3.23468
3.25899
3.27532
