-0
-0
-0
-0
-0
-0
0.591673
0.811278
0.918296
0.970951
0.99403
0.979869
0.961237
1.26381
1.39958
1.47722
1.52219
1.49554
1.52432
1.53949
1.54515
1.54402
1.53798
1.52837
1.51615
1.50204
1.50124
1.48826
1.47412
1.45915
1.46172
1.46148
1.45898
1.45464
1.44882
1.44179
1.43378
1.42499
1.41557
1.40564
1.39532
1.38469
1.37382
1.36279
1.35164
1.34042
1.37747
1.40858
1.43482
1.45697
1.47568
1.49143
1.50463
1.51562
1.52467
1.53203
1.53789
1.54244
1.54581
1.54813
1.54953
1.55011
1.54994
1.54911
1.54769
1.54574
1.54331
1.54045
1.62741
1.68362
1.72789
1.76441
1.79522
1.82153
1.84418
1.86376
1.88073
1.89545
1.9082
1.91922
1.9915
2.03784
2.04609
2.08211
2.08875
2.09423
2.1234
2.14796
2.16888
2.17289
2.176
2.17829
2.17983
2.17543
2.1765
2.172
2.17265
2.16808
2.16836
2.16373
2.16369
2.15903
2.15416
2.14909
2.14385
2.13845
2.1329
2.12722
2.12637
2.12074
2.11501
2.11416
2.11298
2.1115
2.10973
2.1077
2.10543
2.10061
2.09828
2.09351
2.08863
2.08366
2.07859
2.07345
2.06823
2.06294
2.05759
2.05217
2.04671
2.0412
2.03565
2.03006
2.02443
2.01877
2.01309
2.0128
2.00721
2.0016
1.99597
1.99032
1.99028
1.98473
1.97917
1.97359
1.968
1.96241
1.95681
1.95121
1.94561
1.94
1.9344
1.9288
1.92321
1.91762
1.91204
1.90646
1.9009
1.90624
1.91119
1.91578
1.92002
1.92393
1.92754
1.93085
1.93388
1.93665
1.93917
1.94144
1.9435
1.94533
1.94696
1.94839
1.94964
1.9507
1.9516
1.95233
1.94801
1.94865
1.94914
1.94949
1.94536
1.94564
1.94155
1.93746
1.93336
1.9337
1.93391
1.934
1.93398
1.93384
1.93359
1.93325
1.9328
1.93226
1.93163
1.93091
1.93011
1.92923
1.92827
1.92723
1.92613
1.92495
1.92371
1.92241
1.92104
1.91962
1.91814
1.9166
1.91502
1.91338
1.9281
1.94173
1.95442
1.98819
2.01237
2.03287
2.05095
2.06226
2.07284
2.08276
2.09208
2.10084
2.10908
2.11686
2.12419
2.13111
2.13764
2.14381
2.14964
2.15514
2.16035
2.16526
2.1699
2.17428
2.17842
2.18231
2.18599
2.18945
2.1927
2.19576
2.19863
2.20132
2.20384
2.20619
2.20839
2.21043
2.20871
2.20694
2.20514
2.20329
2.20141
2.19949
2.19753
2.19554
2.19351
2.19145
-0
-0
-0
0.811278
0.970951
1
0.985228
0.954434
0.991076
0.970951
0.94566
0.918296
0.890492
0.863121
0.836641
0.811278
0.787127
0.764205
0.742488
0.721928
0.702467
0.684038
0.666578
0.650022
0.63431
0.619382
0.605187
0.591673
0.578795
0.56651
0.554778
0.738064
0.851001
0.834347
0.818384
0.803072
0.78837
0.774243
0.85579
0.921928
0.907186
0.892943
0.947582
0.993897
0.979971
0.966452
0.953322
0.940566
0.980572
1.01543
1.04594
1.07274
1.09632
1.20905
1.28181
1.33896
1.38596
1.42549
1.45917
1.48812
1.51311
1.53477
1.55356
1.6454
1.70399
1.74971
1.78707
1.80028
1.8115
1.82099
1.82893
1.8355
1.84085
1.8451
1.84837
1.85075
1.85232
1.85318
1.85337
1.85297
1.85202
1.88043
1.90487
1.92606
1.94452
1.96064
1.95903
1.97317
1.98556
1.9964
2.00585
2.01406
2.02115
2.02723
2.0324
2.03107
2.03553
2.03394
2.03199
2.02971
2.02712
2.02425
2.02113
2.02558
2.02935
2.03251
2.03509
2.03714
2.0387
2.0398
2.04048
2.04077
2.0407
2.04029
2.03956
2.03854
2.03725
2.03569
2.0339
2.03189
2.02967
2.02726
2.02466
2.02386
2.02122
2.01841
2.01546
2.01236
2.00914
2.00579
2.00233
1.99876
1.99509
2.04366
2.07677
2.10393
2.12719
2.14754
2.16559
2.18173
2.19625
2.19187
2.18742
2.18289
2.1783
2.17364
2.16893
2.16416
2.15934
2.15447
2.14957
2.14462
2.13964
2.13462
2.12958
2.1245
2.11941
2.11429
2.10915
2.10399
2.09882
2.11209
2.12427
2.13547
2.14579
2.15532
2.16412
2.17225
2.16721
2.16215
2.15707
2.15199
2.14689
2.14179
2.13668
2.13156
2.12644
2.13426
2.12916
2.12407
2.1314
2.13823
2.1332
2.1396
2.14556
2.15111
2.15627
2.16108
2.16553
2.16967
2.1735
2.17704
2.18031
2.18331
2.18607
2.22111
2.24568
2.26622
2.28414
2.30008
2.31446
2.32753
2.3395
2.35049
2.36063
2.37
2.37868
2.38673
2.41908
2.4264
2.43319
2.4395
2.44536
2.45079
2.45584
2.46052
2.46485
2.46886
2.47256
2.47598
2.47912
2.482
2.50334
2.50589
2.52364
2.5259
2.52795
2.52979
2.53143
2.53288
2.53415
2.53525
2.53618
2.53696
2.53758
2.53806
2.5384
2.53861
2.53869
2.53865
2.53849
2.53822
2.53784
2.53736
2.53678
2.5361
2.53533
2.53447
2.53352
2.53249
2.53138
2.5302
2.52894
2.52761
2.52622
2.52475
-0
-0
-0
-0
0.721928
0.650022
0.591673
0.811278
0.918296
0.970951
0.99403
1
0.995727
0.985228
0.970951
0.954434
0.977418
0.991076
0.998001
0.992774
0.985228
0.976021
0.965636
0.954434
0.942683
0.930586
0.918296
0.905928
0.893571
0.881291
0.869138
0.857148
0.845351
0.833765
0.822404
0.811278
0.800392
0.789749
0.77935
0.769193
0.759276
0.749595
0.740147
0.730926
0.721928
0.713147
0.746737
0.738285
0.768281
0.79504
0.787127
0.77935
0.803716
0.79627
0.818403
0.838373
0.831474
0.849751
0.866301
0.881291
0.894869
0.907166
0.901598
0.896038
0.907696
0.918296
0.927926
0.92312
0.918296
0.91346
0.908619
0.903776
0.898938
0.894107
0.889288
0.884484
0.879698
0.874932
0.870188
0.86547
0.860778
0.945298
1.0039
0.998057
0.992269
0.986533
0.98085
0.975221
0.969644
0.964122
0.958652
0.953237
0.947875
0.942566
0.937311
0.932109
0.926959
0.921862
0.916816
0.911823
0.906881
0.901989
0.945342
0.983281
1.01716
1.04779
1.07571
1.10133
1.12494
1.11924
1.11361
1.10802
1.12978
1.15
1.16883
1.18641
1.20285
1.21824
1.23267
1.2462
1.25891
1.27085
1.28207
1.29263
1.30255
1.3119
1.32069
1.32896
1.33675
1.34407
1.35096
1.35744
1.36353
1.36925
1.37462
1.37004
1.37515
1.37995
1.37552
1.37111
1.36671
1.36233
1.35795
1.35359
1.34925
1.34492
1.34061
1.33631
1.33203
1.32777
1.32352
1.33251
1.32831
1.32413
1.31997
1.31582
1.3117
1.30759
1.3035
1.29943
1.29537
1.29134
1.30016
1.29617
1.2922
1.28825
1.28432
1.2804
1.2765
1.27262
1.26877
1.26493
1.2611
1.2573
1.25352
1.24976
1.24601
1.24229
1.23858
1.23489
1.23123
1.23762
1.24377
1.24967
1.25534
1.26079
1.26602
1.27105
1.27587
1.28051
1.28496
1.28923
1.29334
1.29727
1.30105
1.30467
1.30815
1.31148
1.31467
1.31773
