-0
-0
-0
-0
-0
-0
-0
-0
-0
-0
-0
-0
-0
-0
-0
-0
-0
-0
-0
-0
-0
-0
-0
-0
-0
-0
-0
-0
-0
-0
-0
-0
-0
-0
-0
-0
-0
0.175565
0.291818
0.384312
0.461216
0.526617
0.583019
0.63213
0.675191
0.713147
0.746737
0.776556
0.803091
0.826746
0.847862
0.866726
0.883585
0.898653
0.912116
0.924134
0.934849
0.944387
0.952859
0.960362
0.966985
0.972806
0.977896
0.982317
0.986126
0.989376
0.992112
0.994377
0.996209
0.997643
0.998712
0.999443
0.999865
1
0.999872
0.9995
0.998905
0.998102
0.997109
0.995939
0.994606
0.993123
0.991502
0.989753
1.07039
1.12609
1.17202
1.21153
1.24624
1.27713
1.30486
1.32992
1.35266
1.37337
1.39229
1.4096
1.42547
1.44003
1.45341
1.4657
1.477
1.48739
1.49693
1.50569
1.51373
1.5211
1.52785
1.53401
1.53964
1.54475
1.54939
1.55359
1.55737
1.56077
1.56379
1.56647
1.56882
1.5666
1.56875
1.57062
1.57221
1.57354
1.57463
1.5755
1.57614
1.57658
1.57506
1.57342
1.57386
1.57221
1.57256
1.57274
1.57275
1.5726
1.5723
1.57186
1.57129
1.57058
1.56975
1.56881
1.56776
1.5666
1.56534
1.56399
1.56254
1.56101
1.5594
1.55772
1.55596
1.55413
1.55223
1.55027
1.54825
1.54618
1.54405
1.54187
1.53964
1.53737
1.53505
1.53269
1.53029
1.52786
1.52539
1.52288
1.52381
1.52461
1.52219
1.51975
1.51728
1.51478
1.51225
1.5097
1.50713
1.50453
1.50191
1.49927
1.49661
1.49394
1.49125
1.48854
1.48582
1.48308
1.48034
1.47758
1.47481
1.47203
1.46924
1.46644
1.46364
1.46083
1.45801
1.45519
1.45236
1.44952
1.44669
1.44385
1.48251
1.51072
1.5349
1.55641
1.55321
1.55001
1.56944
1.58729
1.60383
1.61923
1.63365
1.63029
1.64381
1.65655
1.66858
1.67996
1.69074
1.70098
1.7107
1.71994
1.72874
1.73712
1.74511
1.75272
1.75999
1.76692
1.77354
1.77986
1.7859
1.79167
1.79718
1.80244
1.80746
1.81227
1.81685
1.82123
1.82541
1.8294
1.8332
1.83683
1.84029
1.84359
1.84673
1.84972
1.85256
1.85526
1.85783
1.86027
1.86257
1.89314
1.91539
1.93444
1.95139
1.96676
1.98089
1.99396
2.00613
2.01752
2.02822
2.03828
-0
-0
-0
-0
-0
-0
-0
-0
-0
-0
-0
-0
-0
-0
-0
-0
-0
-0
-0
-0
-0
-0
-0
-0
-0
-0
-0
-0
-0
-0
-0
-0
-0
-0
-0
-0
-0
-0
-0
-0
-0
-0
-0
-0
-0
-0
-0
-0
-0
-0
-0
-0
-0
-0
-0
-0
0.127419
0.216397
0.289986
0.353359
0.409073
0.458686
0.503258
0.543564
0.580195
0.613619
0.644214
0.672295
0.698125
0.721928
0.743899
0.764205
0.782992
0.800392
0.79504
0.789749
0.784519
0.800959
0.795881
0.811278
0.825627
0.839004
0.851481
0.863121
0.873981
0.884115
0.893571
0.902393
0.910622
0.918296
0.925448
0.932112
0.938315
0.944087
0.949452
0.954434
0.959055
0.963336
0.967295
0.970951
0.97432
0.977418
0.98026
0.982859
0.985228
0.98738
0.989326
0.991076
0.992641
1.05832
1.05922
1.05997
1.06057
1.10626
1.1447
1.14464
1.14445
1.14414
1.17727
1.20691
1.23376
1.25828
1.28082
1.30164
1.32092
1.33885
1.35555
1.37114
1.38571
1.39936
1.41214
1.42413
1.43538
1.44595
1.45588
1.46521
1.47398
1.48222
1.48997
1.49725
1.49613
1.49493
1.50183
1.50057
1.50709
1.51323
1.51901
1.52443
1.52953
1.53431
1.53879
1.54299
1.54692
1.55059
1.55402
1.55721
1.56018
1.56294
1.60814
1.61045
1.64249
1.64446
1.64624
1.64785
1.64929
1.65058
1.65172
1.65271
1.65356
1.65428
1.65487
1.65534
1.65569
1.65593
1.65606
1.65609
1.65602
1.68132
1.70364
1.7033
1.70287
1.70236
1.70176
1.70108
1.70033
1.6995
1.71916
1.71821
1.71718
1.7161
1.7339
1.7503
1.76549
1.77964
1.79285
1.80523
1.81685
1.82779
1.8381
1.84782
1.857
1.86568
1.87389
1.88167
1.88903
1.896
1.90261
1.90887
1.91481
1.92043
1.92576
1.93082
1.9356
1.94013
1.94442
1.94848
1.95231
1.95594
1.95936
1.96259
1.96563
1.99837
2.02188
2.04183
2.05946
2.07535
2.08985
2.10318
2.11553
2.12701
2.13772
2.14774
2.15714
2.16597
2.17428
2.18211
2.1895
2.19646
2.20304
2.20926
2.21513
2.22068
2.22593
2.23089
2.23557
2.24
2.24418
2.24813
2.25186
2.25537
2.25868
2.2618
2.26473
2.26748
2.27006
2.27247
-0
-0
-0
-0
-0
-0
-0
-0
0.503258
0.468996
0.439497
0.650022
0.77935
0.863121
0.918296
0.896038
0.936667
0.964079
0.981941
0.992774
0.998364
0.99403
0.998636
1
0.998846
0.995727
0.991076
0.996317
0.992267
0.987138
0.981152
0.974489
0.967295
0.959687
0.970951
0.964079
0.956889
0.949452
0.941829
0.934068
1.07671
1.06649
1.07777
1.16431
1.23096
1.21999
1.20906
1.19819
1.20733
1.25972
1.30348
1.29294
1.33
1.31952
1.30909
1.31697
1.30709
1.29726
1.28749
1.27778
1.30962
1.31775
1.3454
1.36972
1.39117
1.41012
1.42687
1.43335
1.43884
1.45365
1.46677
1.47837
1.48861
1.49763
1.50553
1.51047
1.51463
1.52171
1.52788
1.53323
1.53701
1.54014
1.54496
1.54909
1.55259
1.55551
1.55788
1.55976
1.56118
1.56461
1.5675
1.56989
1.57128
1.57226
1.57289
1.57317
