-0
1
0.918296
0.811278
0.721928
0.918296
0.985228
1
0.991076
0.970951
0.94566
0.918296
0.890492
0.863121
0.836641
0.896038
0.936667
0.964079
0.949452
0.934068
0.918296
0.902393
0.886541
0.870864
0.855451
0.840359
0.825627
0.811278
0.797327
0.783777
0.823812
0.857148
0.884964
0.908178
0.927527
1.08488
1.09735
1.19141
1.26226
1.31824
1.36347
1.40047
1.43094
1.45608
1.47681
1.49385
1.50775
1.51898
1.52791
1.53484
1.64398
1.711
1.76178
1.8021
1.83481
1.86163
1.88373
1.90194
1.91688
1.92906
1.93886
1.94661
1.95258
1.95698
1.96
1.96181
1.96254
1.96233
1.96126
2.04127
2.09114
2.08813
2.12621
2.1569
2.18217
2.2032
2.2208
2.23554
2.24785
2.25807
2.26648
2.2733
2.27872
2.28289
2.28595
2.28802
2.2892
2.28957
2.28922
2.28821
2.28661
2.28447
2.28184
2.27876
2.27527
2.27141
2.26722
2.26272
2.25794
2.2529
2.24762
2.24214
2.23646
2.2306
2.22459
2.21843
2.21213
2.20572
2.26075
2.29672
2.32536
2.34923
2.36956
2.3871
2.40234
2.41565
2.42729
2.43748
2.44638
2.43961
2.43275
2.44069
2.44762
2.45364
2.45883
2.46326
2.46701
2.47012
2.47265
2.47464
2.47613
2.47717
2.47778
2.47799
2.47783
2.47733
2.52155
2.55071
2.5741
2.59373
2.61056
2.62519
2.63799
2.64925
2.65917
2.66793
2.67565
2.6743
2.68113
2.68713
2.69237
2.69693
2.70086
2.70422
2.70705
2.70938
2.71127
2.74943
2.7746
2.79479
2.81174
2.84857
2.87274
2.89205
2.90822
2.94379
2.96702
2.98552
2.9988
3.01026
3.02023
3.02893
3.03653
3.04317
3.04895
3.05397
3.0583
3.062
3.06513
3.06773
3.06985
3.07153
3.07279
3.07367
3.07419
3.07438
3.07425
3.07384
3.07315
3.07221
3.07102
3.06961
3.06798
3.06616
3.06414
3.06195
3.05958
3.05706
3.05438
3.05156
3.04861
3.04552
3.04232
3.039
3.03557
3.03204
3.02841
3.02469
3.02088
3.01698
3.01301
3.00896
3.02267
3.01853
3.03044
3.02623
3.03672
3.04602
3.05433
3.06177
3.06845
3.07445
3.07983
3.08465
3.08897
3.09282
3.09624
3.09927
3.10192
3.10423
3.10622
3.1079
3.10931
3.1358
3.13685
3.13765
3.15533
3.16972
3.18196
3.19261
3.20198
3.21031
3.21774
3.22439
3.23036
3.23572
3.26062
3.27729
3.29082
3.30229
3.31225
3.321
3.32875
3.33564
3.3418
3.3473
-0
-0
-0
-0
0.721928
1.25163
1.14883
1.29879
1.22439
1.15678
1.0958
1.04085
0.991264
0.946373
0.905587
0.868393
0.834347
0.803072
0.774243
0.747585
0.722858
0.699858
0.678407
0.658351
0.639556
0.621904
0.827409
0.948715
1.0374
1.10549
1.15898
1.32339
1.36101
1.45359
1.4809
1.54636
1.59612
1.61525
1.65331
1.66741
1.69704
1.72035
1.73062
1.74895
1.75639
1.77084
1.77606
1.78745
1.7909
1.79257
1.79273
1.80238
1.80159
1.90126
1.89804
1.89388
1.95299
1.94753
1.99178
1.98541
1.97845
2.01332
2.0058
2.03417
2.11756
2.16844
2.18978
2.22764
2.25761
2.28182
2.29814
2.31764
2.33074
2.34655
2.35944
2.36987
2.38027
2.38858
2.39692
2.40348
2.40847
2.41516
2.41886
2.42137
2.42674
2.42829
2.42889
2.42864
2.43308
2.43221
2.43066
2.43425
2.43223
2.42964
2.43254
2.42961
2.42622
2.42241
2.42489
2.42086
2.41648
2.41849
2.41396
2.40913
2.40404
2.45838
2.49314
2.52038
2.54276
2.56153
2.57747
2.59108
2.60273
2.61271
2.62122
2.62845
2.63454
2.63962
2.64377
2.6471
2.64968
2.65157
2.65284
2.65353
2.6537
2.65339
2.65263
2.65146
2.6499
2.648
2.64577
2.64323
2.64041
2.68417
2.71254
2.73502
2.75367
2.76949
2.78306
2.79479
2.80496
2.81378
2.82143
2.82804
2.83372
2.83857
2.84266
2.88188
2.90722
2.92725
2.94383
2.95786
2.96987
2.98022
2.98301
2.98522
2.98688
2.98804
2.98873
2.98901
2.9979
3.00562
3.01232
3.0181
3.02308
3.05796
3.0805
3.09833
3.1131
3.1256
3.1363
3.14553
3.1535
3.18642
3.20758
3.22426
3.23077
3.23635
3.24111
3.24513
3.24849
3.25185
3.25461
3.25682
3.25854
3.25979
3.26061
3.26104
3.2611
3.26083
3.26023
3.27335
3.28448
3.29404
3.3023
3.30946
3.31566
3.34472
3.36347
3.37829
3.39056
3.40094
3.40983
3.41747
3.42407
3.42976
3.43466
3.43884
3.44239
3.44537
3.44782
3.4498
3.45134
3.45247
3.45323
3.45364
3.45373
3.45352
3.45302
3.45227
3.45126
3.45002
3.44857
3.44691
3.44505
3.44301
3.4408
3.46638
3.48302
3.48054
3.4779
3.47512
3.4722
3.46915
3.46598
3.46269
3.45929
3.45579
3.45218
3.44848
3.44469
3.44975
3.44967
3.44935
3.44882
3.45182
3.45439
3.45658
3.45841
3.459
3.45933
3.45807
3.45665
3.45507
3.45334
3.45147
-0
-0
-0
0.811278
0.970951
1
0.985228
0.954434
1.35164
1.48548
1.78993
1.88792
1.92202
2.15597
2.23226
2.25786
2.25691
2.24053
2.21481
2.18338
2.35561
2.42439
2.45722
2.46951
2.46863
2.45888
2.59634
2.65447
2.68434
2.80571
2.85627
2.88155
2.8918
2.99818
3.04255
3.06463
3.16106
3.20081
3.22014
3.30829
3.34425
3.42695
3.50661
3.53795
3.61307
3.64214
3.7132
3.74027
3.75144
3.75295
3.8186
3.8438
3.85433
3.91599
3.93954
3.94923
3.95043
3.94574
4.00281
4.05839
4.07976
4.13307
4.15331
4.16149
4.16222
4.15773
4.14938
4.13803
4.18735
4.20698
4.21572
4.21768
4.26433
4.30998
4.328
4.33587
4.37956
4.39673
4.43902
4.45548
4.46243
4.50303
4.51876
4.52534
4.56438
4.60271
4.61736
4.62329
4.66022
4.67429
4.7102
4.72377
4.75872
4.77181
4.77685
4.77683
4.81042
4.84348
4.85581
4.8605
4.86038
4.89222
4.90416
4.90875
4.90871
4.90537
4.8995
4.89162
4.88212
4.91244
4.92432
4.92936
4.93008
4.92771
4.92296
4.91632
4.90813
4.89866
4.88809
4.8766
4.86431
4.85134
4.83777
4.82368
4.80914
4.83775
4.85025
4.85675
4.85944
4.88713
4.89922
4.92636
4.95317
4.96474
4.97062
4.9729
4.97255
4.97019
4.99599
5.00721
5.01299
5.01531
5.01511
5.04006
5.06473
5.07544
5.09967
5.11013
5.11544
5.11748
5.11715
5.11497
5.1113
5.13463
5.14482
5.16776
5.19047
5.20029
5.20529
5.20723
5.20693
5.2049
5.20147
5.19687
5.21874
5.22834
5.23336
5.25478
5.26415
5.28523
5.29442
5.29916
5.31982
5.3288
5.3334
5.33522
5.35539
5.36415
5.36864
5.38843
5.40804
5.4165
5.42077
5.42239
5.42205
5.4202
5.41712
5.41301
5.432
5.45082
5.45902
5.47759
5.48564
5.48975
5.50799
5.52608
5.52755
5.53533
5.53928
5.54077
5.54047
5.53877
5.54649
5.55046
5.55204
5.55186
5.55032
5.54766
5.54408
5.56126
5.55685
5.56445
5.56846
5.57018
5.57022
5.56894
5.56659
5.56334
5.58001
5.59656
5.60394
5.60788
5.62417
5.63142
5.63527
5.63695
5.63703
5.63874
5.65464
5.66173
5.66551
5.68117
5.68813
5.69184
5.69345
5.70883
5.71566
5.71929
5.73444
5.74116
5.74472
5.74624
5.76113
5.76773
5.77121
5.7727
5.77272
5.7716
5.76953
5.78408
5.7812
5.7877
5.80206
5.80847
5.81188
5.81338
-0
-0
-0
-0
0.721928
0.918296
0.985228
1
0.991076
0.970951
0.94566
1.28067
1.41956
1.49261
1.74647
1.8496
1.90151
1.92513
2.12128
2.20161
2.24178
2.25914
2.41894
2.4847
2.48322
2.51694
2.53207
2.53501
2.52951
2.51797
2.51653
2.50908
2.49719
2.48196
2.46422
2.4446
2.42358
2.40152
2.51198
2.56784
2.60344
2.62652
2.64084
2.64867
2.65152
2.65044
2.64623
2.63949
2.63068
2.62019
2.60832
2.59531
2.58137
2.56667
2.55135
2.53553
2.52729
2.51798
2.50779
2.49683
2.48524
2.47311
2.46053
2.44758
2.43431
2.42078
2.40705
2.39316
2.37913
2.37243
2.36513
2.35731
2.34905
2.34038
2.33137
2.32206
2.31249
2.3818
2.42428
2.45648
2.48206
2.50279
2.51973
2.58291
2.6448
2.68219
2.71024
2.73227
2.74989
2.76407
2.77547
2.78453
2.79163
2.79704
2.85186
2.85533
2.88812
2.91268
2.93194
2.94732
2.95966
2.96953
2.97733
2.98339
2.98793
3.03676
3.06611
3.08805
3.10522
3.11888
3.12979
3.13847
3.14528
3.1505
3.15434
3.15697
3.15854
3.15917
3.15896
3.158
3.15635
3.15409
3.15128
3.14795
3.14417
3.13996
3.13537
3.13043
3.12516
3.1196
3.11377
3.10769
3.10138
3.14169
3.16667
3.18581
3.20117
3.21375
3.22413
3.2327
3.23977
3.24553
3.28296
3.30604
3.32368
3.36
3.3823
3.39926
3.41277
3.42373
3.43269
3.44
3.44593
3.45066
3.48462
3.50538
3.52113
3.52449
3.53695
3.54704
3.54944
3.55107
3.55199
3.56018
3.56686
3.57227
3.57659
3.57994
3.58031
3.58012
3.57941
3.57824
3.57664
3.57465
3.57229
3.56959
3.56659
3.56329
3.55973
3.55591
3.55187
3.55494
3.55731
3.55905
3.5602
3.56083
3.55685
3.55266
3.54828
3.54373
3.53901
3.55068
3.56037
3.55552
3.55053
3.5454
3.54014
3.53477
3.54301
3.53755
3.53198
3.53282
3.53323
3.53327
3.53294
3.56009
3.55934
3.55828
3.57545
3.5889
3.59992
3.62618
3.64284
3.66872
3.68508
3.69783
3.70824
3.71691
3.7242
3.73036
3.74277
3.75288
3.77749
3.78579
3.79276
3.79771
3.80185
3.81707
3.82044
3.8442
3.85912
3.88256
3.89724
3.92038
3.93161
3.95445
3.96869
3.97966
4.00209
4.02436
4.03817
4.04877
4.05729
4.07907
4.10069
4.11403
4.12423
4.13239
4.14551
4.15212
4.15753
4.16408
4.16945
4.17385
4.19448
4.19798
-0
-0
-0
0.811278
0.970951
1
0.985228
0.954434
1.35164
1.48548
1.53948
1.55459
1.54858
1.53062
1.50582
1.47722
1.44665
1.41527
1.38381
1.60101
1.70573
1.76974
1.80972
1.8338
1.84673
1.8516
1.85051
1.84494
1.99772
2.0753
2.06266
2.04775
2.03113
2.01323
1.99439
2.04559
2.0263
2.00653
1.98643
1.96613
1.96249
1.95699
1.94996
1.94167
1.9656
1.98393
1.99774
2.00786
2.01489
2.01935
2.05535
2.08351
2.10565
2.19969
2.25444
2.34342
2.39464
2.43151
2.45925
2.54055
2.5868
2.61976
2.64426
2.66266
2.67636
2.68633
2.69325
2.69761
2.69983
2.70022
2.69904
2.69651
2.69279
2.68805
2.68241
2.67599
2.74124
2.77941
2.77164
2.76329
2.75443
2.74512
2.73543
2.72538
2.71504
2.70444
2.69361
2.68259
2.67139
2.66005
2.6486
2.66708
2.6822
2.6946
2.70473
2.71292
2.71943
2.7245
2.72828
2.73093
2.75675
2.7774
2.79424
2.80811
2.81954
2.82893
2.83659
2.84274
2.84757
2.85125
2.85389
2.85561
2.8565
2.85664
2.8561
2.85495
2.85324
2.85102
2.8534
2.85498
2.85584
2.85604
2.85565
2.85471
2.84811
2.84133
2.8344
2.82732
2.82011
2.81278
2.80534
2.82747
2.8199
2.8381
2.8534
2.86643
2.87758
2.88714
2.89534
2.90235
2.90831
2.91334
2.91752
2.92094
2.92367
2.92578
2.92731
2.92831
2.92882
2.92889
2.92854
2.92781
2.92672
2.96424
2.98843
3.00753
3.02333
3.05952
3.08274
3.10101
3.11605
3.12872
3.16344
3.18559
3.20294
3.21719
3.22914
3.23927
3.2724
3.29344
3.30986
3.34215
3.36256
3.39428
3.41426
3.42976
3.44237
3.47311
3.49238
3.50729
3.51936
3.52935
3.559
3.57749
3.59175
3.60326
3.61274
3.62062
3.62717
3.6555
3.67309
3.68661
3.69749
3.70642
3.7338
3.75074
3.76371
3.77411
3.80076
3.81717
3.82969
3.83971
3.84786
3.85454
3.86002
3.88558
3.90127
3.91321
3.92272
3.93044
3.93674
3.94188
3.96644
3.98146
3.99286
4.00192
4.00925
4.03309
4.04762
4.05861
4.06731
4.09059
4.10471
4.11537
4.12378
4.13053
4.13597
4.1585
4.17213
4.18238
4.19045
4.21246
4.22573
4.23568
4.24349
4.24972
4.25469
4.25863
4.2617
4.26402
4.26567
4.26674
4.28772
4.30035
4.32107
4.33351
4.34283
4.36319
4.37539
4.38449
4.39159
4.39721
4.40166
4.40514
4.40781
4.42747
-0
-0
-0
-0
-0
0.650022
0.863121
0.954434
0.991076
1
0.99403
1.32501
1.46048
1.53062
1.78194
1.88286
1.9328
1.95469
1.9593
1.95272
1.93871
1.91969
1.89732
2.06814
2.14771
2.19434
2.22142
2.23545
2.24028
2.23839
2.37177
2.43578
2.47439
2.49761
2.51029
2.51534
2.51468
2.62407
2.67754
2.71039
2.73056
2.82787
2.87495
2.90349
2.9206
3.0082
3.05019
3.07535
3.09009
3.09753
3.17603
3.21359
3.23601
3.24903
3.32106
3.35528
3.3755
3.38701
3.45355
3.48495
3.50334
3.51361
3.51814
3.51834
3.57889
3.60764
3.62458
3.63414
3.63844
3.69449
3.72108
3.73672
3.7455
3.74938
3.74955
3.80128
3.82594
3.84053
3.84878
3.85249
3.85275
3.90078
3.92377
3.93744
3.94521
3.94877
3.94909
3.94686
3.94253
3.9868
4.00829
4.02128
4.02889
4.07102
4.09138
4.10361
4.11068
4.15088
4.17021
4.18176
4.18836
4.22679
4.24519
4.25611
4.26229
4.2991
4.31665
4.32702
4.33282
4.33532
4.33527
4.37017
4.38686
4.39675
4.40232
4.43587
4.45186
4.46129
4.46654
4.46877
4.50089
4.51619
4.5476
4.56247
4.57115
4.57589
4.60621
4.62051
4.62883
4.63333
4.63507
4.63466
4.63253
4.62897
4.65774
4.67147
4.67957
4.68407
4.68596
4.68582
4.71342
4.71154
4.72472
4.72149
4.72936
4.73383
4.73583
4.73591
4.73443
4.73165
4.75778
4.77046
4.77811
4.78254
4.78461
4.78486
4.81001
4.82223
4.82962
4.8339
4.83592
4.83618
4.83501
4.83265
4.82927
4.85327
4.86506
4.87227
4.87654
4.87867
4.87912
4.87821
4.87617
4.87316
4.86931
4.86473
4.88756
4.89895
4.90604
4.91037
4.91268
4.91341
4.9355
4.94651
4.95337
4.95756
4.9598
4.96051
4.95997
4.98128
4.99194
4.99859
5.00267
5.00487
5.00559
5.00512
5.00363
5.02416
5.03447
5.04094
5.04494
5.04713
5.0479
5.04752
5.04617
5.04399
5.04108
5.03754
5.03344
5.02884
5.02379
5.01834
5.01251
5.00635
4.99988
4.99313
4.98613
5.00549
5.01558
5.02217
5.0412
5.05107
5.05751
5.06172
5.06431
5.06561
5.06587
5.06525
5.06387
5.06183
5.05921
5.05608
5.05248
5.04846
5.04407
5.03933
5.03427
5.02893
5.02332
5.01747
5.01139
5.0051
4.99862
5.00324
5.00636
5.00829
5.00926
5.00275
4.99609
4.98926
4.9823
4.9752
4.96797
4.96063
4.95318
4.94563
-0
-0
-0
-0
-0
0.650022
0.863121
0.954434
0.991076
1
0.99403
0.979869
0.961237
0.940286
0.918296
0.896038
0.873981
0.852405
0.831474
0.811278
0.791858
0.773227
0.755375
0.738285
0.721928
0.706274
0.69129
0.676942
0.663197
0.650022
0.637387
0.625262
0.613619
0.602431
0.591673
0.758359
0.863065
0.943421
1.00806
1.06128
1.20082
1.28694
1.35229
1.4043
1.44662
1.48148
1.51039
1.62501
1.69476
1.74721
1.78855
1.82184
1.84892
1.87102
1.96811
2.02648
2.07002
2.10403
2.13114
2.15291
2.1704
2.18437
2.1954
2.20393
2.21033
2.21487
2.21781
2.21935
2.21965
2.21887
2.29441
2.34036
2.37498
2.40231
2.4243
2.44215
2.45665
2.46836
2.47773
2.48507
2.49068
2.49477
2.49751
2.49908
2.4996
2.49918
2.49793
2.49594
2.49327
2.48999
2.48617
2.48186
2.47711
2.47195
2.46643
2.46058
2.51805
2.55409
2.58193
2.60445
2.59771
2.61634
2.63193
2.64503
2.65605
2.66528
2.67296
2.67929
2.68442
2.68848
2.69159
2.69383
2.6953
2.69607
2.69619
2.69573
2.69473
2.69324
2.74062
2.77064
2.79403
2.79161
2.78879
2.8078
2.82368
2.8371
2.84849
2.85818
2.90152
2.92888
2.95016
2.96748
2.98188
2.99398
3.00419
3.01281
3.02006
3.02612
3.03112
3.03519
3.03843
3.0409
3.0427
3.04386
3.04446
3.04454
3.04414
3.0433
3.04204
3.07954
3.10336
3.12196
3.13718
3.1499
3.16063
3.16974
3.17748
3.18403
3.18954
3.19415
3.19793
3.20098
3.20336
3.20514
3.20637
3.2071
3.20736
3.20719
3.24051
3.26173
3.27834
3.29195
3.30335
3.31299
3.32119
3.32817
3.33409
3.3391
3.34328
3.34673
3.34953
3.38028
3.39981
3.41507
3.42756
3.43799
3.4468
3.45427
3.46061
3.46598
3.47048
3.47422
3.50302
3.52124
3.53545
3.54705
3.55672
3.56485
3.57173
3.57755
3.58244
3.60974
3.62696
3.64034
3.65123
3.66028
3.66406
3.66715
3.6747
3.68107
3.68643
3.69092
3.69464
3.69769
3.70012
3.70201
3.7034
3.70434
3.70485
3.70499
3.70476
3.70421
3.70335
3.7022
3.70079
3.69913
3.69723
3.69512
3.6928
3.69028
3.68759
3.68472
3.68169
3.6785
3.67518
3.67171
3.66811
3.6644
3.66056
3.65662
3.68025
3.69545
3.69133
3.68711
3.68279
3.67839
3.6739
3.68586
3.69577
3.70417
3.71137
3.71758
3.72294
3.72757
3.73156
3.73497
-0
-0
-0
-0
-0
-0
-0
-0
-0
-0
-0
-0
-0
-0
-0
-0
-0
0.309543
0.485461
0.60984
0.702467
0.773227
0.828056
0.870864
0.904381
0.930586
0.950956
0.966619
0.978449
0.987138
0.993234
0.99718
0.999338
1
0.999411
0.997772
0.995253
0.991992
1.13859
1.22879
1.29705
1.35123
1.39521
1.43136
1.46125
1.48605
1.50661
1.52361
1.53758
1.54895
1.55809
1.56528
1.57077
1.57479
1.67726
1.74083
1.78937
1.82823
1.86001
1.8863
1.90816
1.92637
1.94149
1.95399
1.96423
1.9725
1.97906
1.9841
1.98782
2.06744
2.11695
2.15487
2.15585
2.18614
2.21102
2.23167
2.2489
2.26328
2.27524
2.28512
2.29319
2.29969
2.30478
2.30864
2.3114
2.31318
2.31407
2.31416
2.31353
2.31225
2.31039
2.30799
2.3051
2.30177
2.29805
2.29395
2.28953
2.2848
2.34318
2.38054
2.40983
2.43388
2.45406
2.4712
2.48584
2.49838
2.55145
2.58515
2.61143
2.63289
2.6508
2.66592
2.67874
2.68963
2.69887
2.70668
2.71323
2.71865
2.72308
2.7266
2.72932
2.7313
2.73261
2.73331
2.73345
2.73307
2.73223
2.73095
2.72926
2.72721
2.72481
2.7221
2.71909
2.71581
2.71228
2.70851
2.70452
2.70033
2.69594
2.69139
2.68667
2.6818
2.67679
2.71797
2.74487
2.76629
2.78415
2.79938
2.81252
2.82393
2.83389
2.84259
2.88085
2.90568
2.92538
2.94174
2.95564
2.96758
3.00395
3.01404
3.02278
3.03034
3.05339
3.07161
3.08669
3.09944
3.11035
3.11975
3.12786
3.13487
3.1409
3.14607
3.15047
3.15418
3.15725
3.15975
3.16173
3.16322
3.16427
3.16491
3.16516
3.16506
3.16462
3.16388
3.16285
3.19411
3.21439
3.21291
3.21118
3.20921
3.20703
3.20464
3.20206
3.19929
3.21515
3.22838
3.23967
3.24941
3.25787
3.26526
3.2717
3.27732
3.28221
3.28645
3.29009
3.29319
3.29579
3.29794
3.32592
3.34415
3.34571
3.36018
3.37224
3.38251
3.39137
3.39244
3.40012
3.40681
3.41265
3.41773
3.42215
3.42596
3.42922
3.43199
3.43431
3.4362
3.43771
3.43887
3.43969
3.4402
3.46553
3.48204
3.49521
3.50619
3.51555
3.52363
3.53065
3.53676
3.54209
3.54674
3.55077
3.55425
3.55723
3.55975
3.56186
3.56358
3.56495
3.56599
3.56672
3.56716
3.56734
3.56726
3.56695
3.56642
3.56567
3.58862
-0
-0
-0
-0
-0
-0
-0
0.543564
0.764205
0.881291
0.94566
0.979869
0.995727
1
0.996792
0.988699
0.977418
0.991076
0.981941
0.970951
0.958712
0.94566
0.932112
0.918296
0.904381
0.890492
0.876716
1.06769
1.1783
1.25804
1.31837
1.36499
1.40135
1.42975
1.45184
1.46882
1.48162
1.49097
1.49745
1.50152
1.50356
1.50389
1.50276
1.5004
1.49698
1.49267
1.48758
1.48185
1.47556
1.46881
1.46165
1.45415
1.44637
1.43836
1.54331
1.60927
1.66013
1.70121
1.73515
1.76352
1.78739
1.80754
1.82455
1.91216
1.92526
1.93612
1.94501
1.95219
1.95786
1.9622
1.96534
1.96743
1.96857
1.96887
1.9684
1.96725
1.96549
2.01361
2.05119
2.08193
2.10763
2.12938
2.14791
2.16375
2.17728
2.18883
2.19865
2.20694
2.21387
2.2196
2.22424
2.22791
2.2307
2.23269
2.23395
2.23456
2.23456
2.23402
2.23297
2.23146
2.22953
2.22721
2.22454
2.22154
2.21823
2.21465
2.21081
2.20674
2.26176
2.25713
2.25231
2.28795
2.31639
2.34014
2.36042
2.37795
2.39323
2.40659
2.41832
2.42861
2.43764
2.44555
2.45244
2.45842
2.46357
2.46796
2.47167
2.47475
2.47724
2.4792
2.48066
2.48166
2.48223
2.48241
2.48222
2.48169
2.48084
2.47969
2.47826
2.47656
2.47463
2.47247
2.5153
2.54372
2.56661
2.58589
2.58308
2.59967
2.61414
2.62688
2.62384
2.62062
2.63191
2.64193
2.65085
2.64752
2.65548
2.66257
2.66888
2.67447
2.6794
2.68373
2.68751
2.69079
2.69358
2.69594
2.6979
2.69947
2.70068
2.70157
2.70214
2.70241
2.70241
2.70216
2.70165
2.70092
2.73598
2.75945
2.75828
2.7569
2.77583
2.79191
2.80586
2.81812
2.82899
2.83867
2.84732
2.85507
2.86201
2.86033
2.85848
2.85647
2.85431
2.86059
2.86623
2.87128
2.8758
2.87982
2.88338
2.88652
2.88927
2.89164
2.89368
2.89539
2.8968
2.89792
2.89878
2.89938
2.89975
2.89989
2.89982
2.89955
2.89908
2.89844
2.89762
2.89664
2.8955
2.89421
2.89279
2.89122
2.88954
2.88772
2.8858
2.88376
2.88161
2.90983
2.92903
2.94476
2.95825
2.97007
2.98055
2.98992
2.99836
3.00598
3.01287
3.01912
3.02479
3.02993
3.03459
3.0388
3.04261
3.04603
3.04911
3.05185
3.05429
3.05643
3.05831
3.08385
3.10119
3.11538
3.12754
3.13817
3.1476
3.15602
3.16359
3.17041
-0
-0
-0
-0
-0
-0
0.591673
0.811278
0.918296
0.970951
0.99403
1
0.995727
0.985228
0.970951
0.954434
0.936667
1.19417
1.16744
1.14115
1.11552
1.09065
1.06662
1.04344
1.02112
1.14012
1.11709
1.20109
1.26417
1.31256
1.35
1.379
1.40135
1.41835
1.43101
1.44009
1.44621
1.44987
1.45147
1.45133
1.44974
1.44691
1.44303
1.43827
1.43277
1.42663
1.41995
1.41283
1.40533
1.39752
1.38945
1.38116
1.37271
1.36411
1.35541
1.34663
1.3378
1.32892
1.32003
1.31114
1.30225
1.29339
1.28456
1.27576
1.26702
1.25833
1.24971
1.24114
1.23265
1.22423
1.21588
1.20762
1.19943
1.19133
1.18331
1.17537
1.16752
1.15976
1.15208
1.14449
1.13698
1.12956
1.12223
1.11498
1.10782
1.10074
1.09374
1.08683
1.08
1.07325
1.06658
1.14149
1.19346
1.23645
1.27354
1.26571
1.25798
1.25034
1.24279
1.23533
1.22796
1.22068
1.21349
1.20638
1.19936
1.19242
1.18556
1.17878
1.17209
1.16547
1.15892
1.15246
1.18338
1.17688
1.20475
1.23017
1.25348
1.27498
1.26836
1.26182
1.25534
1.24894
1.2426
1.23632
1.23011
1.24167
1.25257
1.26284
1.27254
1.28169
1.29033
1.28452
1.27876
1.27305
1.26739
1.26179
1.27024
1.27825
1.28584
1.29302
1.29982
1.30626
1.31235
1.31812
1.32357
1.32873
1.3336
1.3382
1.34255
1.34664
1.35051
1.35414
1.35757
1.36078
1.3638
1.36663
1.36927
1.37175
1.37405
1.3762
1.37819
1.39831
1.41696
1.43433
1.45058
1.46581
1.48012
1.4936
1.50631
1.51832
1.52967
1.54042
1.58281
1.61326
1.6391
1.6619
1.70283
1.73211
1.75689
1.77871
1.81827
1.84645
1.87023
1.89114
1.92941
1.95655
1.97941
1.99945
2.0365
2.06267
2.08465
2.12079
2.14624
2.16757
2.20284
2.2378
2.26228
2.29665
2.32067
2.35448
2.37804
2.4113
2.44428
2.47696
2.50936
2.54148
2.56366
2.58203
2.61344
2.64458
2.67546
2.69665
2.72706
2.74787
2.77782
2.80753
2.82777
2.85704
2.88607
2.90577
2.93437
2.95374
2.98193
3.00097
3.02876
3.04748
3.07487
3.10206
3.12903
3.1471
3.1737
3.19147
3.20588
3.2181
3.22869
3.23798
3.26368
3.28078
3.29461
3.31983
3.3314
3.34139
3.35794
3.38258
3.39888
3.41201
3.42307
3.43259
3.44549
3.46933
3.493
3.50857
3.52106
3.53154
3.54685
3.56205
-0
-0
-0
0.811278
0.970951
1
1.44882
1.81128
1.89106
1.89546
1.86763
1.82501
1.77586
1.72441
1.96281
2.05242
2.0924
2.04411
2.0632
2.01997
2.02809
2.02539
2.19535
2.27043
2.31171
2.33318
2.3219
2.30596
2.28666
2.26494
2.24619
2.31411
2.35642
2.3831
2.40947
2.42539
2.43369
2.45022
2.45323
2.47944
2.58439
2.63756
2.73557
2.78444
2.81508
2.83444
2.84588
2.85143
2.93697
2.97967
3.00646
3.08574
3.12482
3.14898
3.16383
3.17211
3.17545
3.24636
3.28139
3.34899
3.38198
3.44655
3.47769
3.53947
3.56892
3.58638
3.59633
3.60094
3.60151
3.59892
3.61622
3.62651
3.63181
3.6333
3.63179
3.62785
3.64496
3.65559
3.66156
3.66399
3.68071
3.69127
3.69739
3.69724
3.69486
3.70556
3.70591
3.72219
3.73279
3.73928
3.74261
3.74341
3.74215
3.73915
3.73468
3.7387
3.74029
3.7399
3.73475
3.72854
3.7214
3.71345
3.70932
3.70414
3.69804
3.69114
3.68353
3.67529
3.66651
3.65723
3.64751
3.65632
3.66251
