-0
-0
-0
-0
-0
-0
-0
-0
-0
-0
-0
-0
-0
-0
-0
-0
-0
-0
0.297472
0.468996
0.591673
0.684038
0.755375
0.811278
0.855451
0.890492
0.918296
0.940286
0.957553
0.970951
0.981152
0.988699
0.99403
0.997503
1.15618
1.25163
1.3226
1.37796
1.42211
1.45772
1.48657
1.50997
1.52887
1.54402
1.55602
1.56534
1.57237
1.57743
1.58079
1.69062
1.75748
1.80781
1.84751
1.87949
1.90551
1.92676
1.94408
1.95813
1.9694
1.97829
1.98514
1.9902
1.99371
1.99585
1.9968
1.99668
1.99563
1.99375
1.99112
1.98784
1.98398
1.97959
1.97474
1.96947
1.96384
1.96806
1.97124
1.9735
1.97491
1.97557
1.97554
1.9749
1.97369
1.97197
1.96979
1.96718
1.96418
1.96084
1.95718
1.95322
1.949
1.94454
1.93986
1.93497
1.92991
1.92468
1.9193
1.91378
1.90814
1.90238
1.89653
1.89059
1.88456
1.87847
1.87231
1.86609
1.85982
1.85351
1.85517
1.85643
1.8504
1.84434
1.83825
1.83961
1.83364
1.82764
1.82161
1.81557
1.80951
1.80343
1.79735
1.80623
1.81437
1.82183
1.82865
1.83489
1.84057
1.84574
1.84024
1.84502
1.84936
1.84402
1.83865
1.83328
1.82789
1.82249
1.81708
1.81167
1.80625
1.80083
1.7954
1.78998
1.78457
1.77915
1.77375
1.76834
1.76295
1.75757
1.75219
1.74683
1.74148
1.74694
1.75202
1.75676
1.76116
1.76524
1.76902
1.77252
1.77575
1.77872
1.78145
1.78395
1.78622
1.78828
1.79014
1.79181
1.79329
1.7946
1.7904
1.78618
1.78746
1.78331
1.78449
1.78551
1.78639
1.78243
1.78323
1.7839
1.78006
1.78066
1.77687
1.77307
1.76927
1.76546
1.76165
1.75783
1.75401
1.75018
1.74636
1.74253
1.7387
1.73487
1.73105
1.72722
1.7234
1.71957
1.71576
1.71194
1.70813
1.70432
1.70052
1.69672
1.69293
1.68915
1.69453
1.69967
1.70456
1.70923
1.71367
1.7179
1.72193
1.72576
1.72941
1.73288
1.73617
1.7393
1.74227
1.74508
1.74774
1.75027
1.75265
1.7549
1.78847
1.81283
1.83366
1.85216
1.86892
1.88428
1.89849
1.91169
1.92403
1.9356
1.94647
1.95672
1.96639
1.97554
1.9842
1.98562
1.98693
1.98813
1.98922
1.99021
1.99111
1.99191
1.99262
1.9893
1.98599
1.98267
1.97935
1.97603
1.97271
1.96939
1.96606
1.96695
1.96366
1.96449
-0
-0
-0
0.811278
0.721928
0.918296
0.985228
1
0.991076
0.970951
0.99403
1
0.995727
0.985228
0.970951
0.954434
0.936667
0.918296
0.899744
0.881291
0.863121
0.845351
0.828056
0.811278
0.79504
0.77935
0.764205
0.749595
0.735509
0.721928
0.708836
0.696212
0.684038
0.672295
0.660962
0.710677
0.699772
0.742488
0.77935
0.811278
0.839004
0.863121
0.884115
0.902393
0.918296
0.932112
0.944087
0.954434
0.963336
0.970951
0.977418
0.982859
0.98738
0.991076
0.99403
0.996317
0.998001
0.999142
1.10616
1.17668
1.23291
1.2798
1.31978
1.35434
1.38446
1.41087
1.43412
1.43132
1.42819
1.44882
1.46711
1.48336
1.49778
1.51058
1.52193
1.53196
1.54081
1.54858
1.55537
1.56128
1.56637
1.57071
1.57437
1.57741
1.57986
1.58179
1.58323
1.58421
1.58478
1.58496
1.58479
1.58429
1.58348
1.58238
1.58103
1.57943
1.57761
1.57558
1.57336
1.57095
1.63553
1.67938
1.71519
1.74572
1.77234
1.79584
1.81677
1.83553
1.85241
1.86763
1.8814
1.89387
1.90517
1.9154
1.92467
1.93306
1.94064
1.94748
1.95363
1.95915
1.96408
1.96846
1.97233
1.97573
1.97869
1.98123
1.98339
1.98518
1.98664
1.98777
1.98861
1.98916
1.98945
1.98949
1.98929
1.98888
1.98825
1.98742
1.98641
1.98523
1.98388
1.98237
1.98071
1.97891
1.97699
1.97493
1.97276
1.97048
1.96809
1.9656
1.96301
1.96034
1.95758
1.95474
1.95183
1.94885
1.9458
1.98881
1.9855
2.01534
2.04018
2.06174
2.08086
2.09802
2.11356
2.12773
2.14069
2.1526
2.16356
2.17367
2.183
2.17933
2.17561
2.17184
2.16803
2.16418
2.16028
2.16903
2.17715
2.18468
2.19168
2.19818
2.20422
2.20982
2.21501
2.21981
2.22426
2.22837
2.23215
2.23563
2.23883
2.24175
2.24442
2.24683
2.24902
2.25098
2.25273
2.25428
2.25564
2.25682
2.25782
2.25865
2.25932
2.25984
2.26021
2.26044
2.26054
2.26051
2.29346
2.3166
2.31625
2.31578
2.3152
2.31451
2.31372
2.31283
2.33188
2.34854
2.3634
2.37685
2.3891
2.40035
2.41071
2.42029
2.42917
2.43742
2.4451
2.45225
2.45891
2.46513
2.47093
2.47633
2.48138
2.48608
2.49047
2.51941
2.52338
2.52706
2.53048
2.55055
2.56734
2.58199
2.58498
2.59799
2.6007
2.61241
2.62308
2.63285
2.64183
2.65013
2.65248
2.65463
2.65657
2.6642
2.67128
2.67301
-0
-0
-0
-0
-0
-0
-0
-0
-0
-0
-0
-0
-0
-0
-0
-0
-0
-0
-0
-0
-0
-0
-0
-0
-0
-0
-0
-0
-0
-0
-0
-0
-0
-0
-0
-0
-0
-0
-0
-0
-0
-0
-0
-0
-0
-0
-0
-0
-0
-0
-0
-0
-0
-0
-0
-0
-0
-0
-0
-0
-0
-0
-0
-0
-0
-0
-0
-0
-0
-0
-0
-0
-0
-0
-0
-0
-0
0.0989591
0.195647
0.290146
0.357843
0.424106
0.479889
0.528715
0.572306
0.611703
0.64761
0.680539
0.710881
0.738944
0.764978
0.789191
0.811758
0.85881
0.899874
0.936442
0.969417
0.999406
1.02685
1.05208
1.07536
1.09692
1.11691
1.1355
1.18326
1.22312
1.25778
1.28856
1.352
1.37896
1.42267
1.45897
1.49041
1.51821
1.54311
1.56561
1.58606
1.60474
1.62185
1.63455
1.65015
1.6645
1.67774
1.68997
1.70127
1.71172
1.73197
1.74149
1.75029
1.75842
1.76593
1.77287
1.77927
1.78516
1.79574
1.80112
1.80606
1.81059
1.81473
1.8185
1.82193
1.83895
1.84198
1.8447
1.86018
1.86256
1.86467
1.86652
1.86812
1.8695
1.88016
1.8813
1.88223
1.88296
1.88351
1.88388
1.88408
1.88411
1.88399
1.88373
1.88333
1.88279
1.88212
1.88134
1.88044
1.87943
1.88868
1.88757
1.88635
1.88505
1.88364
1.88216
1.88058
1.87893
1.87721
1.87541
1.87354
1.8716
1.86961
1.86755
1.86543
1.86326
1.87305
1.87083
1.86856
1.86624
1.86387
1.86146
1.85902
1.85653
1.854
1.85144
1.84884
1.84621
1.84355
1.84086
1.83815
1.84741
1.84467
1.8419
1.83911
1.8363
1.83346
1.83061
1.82773
1.82484
1.82193
1.85711
1.88242
1.90393
1.92294
1.94008
1.95573
1.97014
1.97819
1.99147
2.00382
2.01535
2.02614
2.03628
2.03295
2.04247
2.05144
2.0599
2.06789
2.07543
2.07212
2.07926
2.08602
2.0931
2.09979
2.09651
2.09322
2.08992
2.0866
2.08328
2.07995
2.0766
2.07325
2.0699
2.06653
2.06316
2.05978
2.06627
2.07243
2.06907
2.07494
2.08053
2.08584
2.08251
2.07919
2.07586
2.07252
2.06918
2.06584
2.06249
