-0
1
0.918296
1
0.970951
0.918296
0.863121
0.811278
0.764205
0.721928
0.684038
0.650022
0.619382
0.749595
0.721928
0.696212
0.672295
0.650022
0.629249
0.60984
0.591673
0.574636
0.558629
0.543564
0.764114
0.892995
0.871096
0.963881
1.03514
1.09116
1.07012
1.11542
1.15202
1.13318
1.11492
1.09721
1.08004
1.06339
1.04725
1.0316
1.01642
1.00169
0.987396
0.97352
0.960047
0.94696
0.934245
0.921887
0.909872
0.898186
0.886817
0.923237
0.955395
0.983891
1.00921
1.03175
1.05183
1.06975
1.08573
1.09998
1.11268
1.12398
1.11552
1.10714
1.09885
1.09065
1.08255
1.07453
1.06662
1.05879
1.05107
1.04344
1.0359
1.02846
1.02112
1.06605
1.05856
1.09767
1.13235
1.16337
1.19129
1.21654
1.23946
1.26033
1.27936
1.29674
1.31264
1.3272
1.34053
1.35274
1.36393
1.37417
1.38355
1.39212
1.38555
1.379
1.37249
1.366
1.37439
1.38209
1.37589
1.36972
1.36358
1.35747
1.35138
1.34533
1.33931
1.33333
1.32738
1.32146
1.31558
1.32389
1.33164
1.32599
1.32036
1.32777
1.33468
1.34112
1.34713
1.35272
1.35793
1.36276
1.36724
1.3714
1.37524
1.37878
1.38205
1.38504
1.38779
1.39029
1.39256
1.39462
1.39647
1.39812
1.39958
1.40087
1.40198
1.40293
1.40373
1.40438
1.40489
1.45547
1.49143
1.49134
1.49113
1.52114
1.54747
1.57106
1.59244
1.61199
1.62997
1.62913
1.62819
1.62714
1.62601
1.62479
1.64121
1.65647
1.65509
1.65364
1.65211
1.65051
1.66464
1.67784
1.69021
1.68849
1.6867
1.68486
1.68296
1.69453
1.70542
1.71566
1.72532
1.73443
1.74302
1.75113
1.75878
1.76601
1.77284
1.77928
1.78537
1.79112
1.79655
1.80166
1.84041
1.86803
1.87254
1.89576
1.89989
1.90376
1.90739
1.91078
1.91395
1.91691
1.91966
1.9395
1.94199
1.94428
1.9464
1.94835
1.95014
1.95177
1.95325
1.95459
1.95579
1.97307
1.98882
1.98978
1.99062
2.00501
2.00568
2.00624
2.00669
2.00704
2.00727
2.00741
2.00746
2.02054
2.0327
2.0326
2.04393
2.04372
2.05431
2.06425
2.0736
2.0824
2.0907
2.09853
2.10592
2.11291
2.11952
2.12577
2.13168
2.13728
2.14257
2.14758
2.14724
2.15198
2.15648
2.16072
2.16474
2.16853
2.17212
2.1755
2.17514
2.17471
2.17793
2.18095
2.18381
2.18649
2.18901
2.19137
2.19358
2.19565
2.19758
2.19938
-0
-0
-0
-0
-0
-0
-0
0.543564
0.764205
0.881291
0.94566
0.979869
0.995727
1
0.996792
0.988699
1.2533
1.23266
1.21081
1.18838
1.16578
1.14332
1.12118
1.09948
1.07832
1.05774
1.03777
1.01842
0.9997
0.981591
1.091
1.07208
1.05377
1.03605
1.01891
1.00233
0.98628
0.970745
0.955705
0.941139
0.927028
0.913353
0.900097
0.887241
0.874769
0.862665
0.850914
0.839501
0.828412
0.866314
0.89975
0.929355
0.95564
0.979023
0.999854
1.01842
1.03499
1.04975
1.06291
1.07463
1.08504
1.09427
1.10243
1.10962
1.11592
1.12142
1.21659
1.27987
1.33068
1.37334
1.40995
1.44179
1.46972
1.49437
1.51621
1.53562
1.55289
1.56828
1.58198
1.59419
1.60504
1.61467
1.62319
1.63071
1.63731
1.64307
1.64806
1.65234
1.65598
1.65902
1.6615
1.66348
1.66498
1.66606
1.66672
1.66702
1.73267
1.77672
1.81241
1.84263
1.86878
1.89171
1.91199
1.93003
1.94613
1.96054
1.97346
1.98505
1.99544
2.00476
2.0131
2.02054
2.02717
2.03305
2.03824
2.0428
2.04676
2.05018
2.0531
2.05554
2.05755
2.05914
2.06036
2.06122
2.06175
2.06197
2.06189
2.06154
2.06093
2.06009
2.05901
2.10767
2.14064
2.16756
2.19054
2.21057
2.22827
2.22628
2.2241
2.22175
2.21924
2.21658
2.21377
2.21083
2.20776
2.20457
2.20126
2.19785
2.19435
2.19075
2.18706
2.18329
2.17944
2.17552
2.17153
2.18698
2.20097
2.2137
2.22532
2.23595
2.24569
2.25461
2.2628
2.27032
2.27721
2.28354
2.28932
2.29462
2.29945
2.29571
2.30016
2.3042
2.30787
2.31119
2.30757
2.3039
2.30698
2.30974
2.31221
2.3144
2.31633
2.31801
2.31944
2.32066
2.32165
2.35744
2.38219
2.4027
2.42044
2.42086
2.4211
2.42115
2.42103
2.42076
2.42033
2.41975
2.41903
2.41818
2.41721
2.43249
2.44621
2.45863
2.46995
2.4803
2.4898
2.49855
2.50661
2.5385
2.54578
2.5525
2.55869
2.56441
2.56968
2.57454
2.57901
2.58312
2.58688
2.59033
2.59348
2.59634
2.59894
2.60128
2.60338
2.60526
2.62591
2.64308
2.65796
2.67114
2.68296
2.69366
2.69505
2.70477
2.71365
2.7218
2.72294
2.73042
2.73137
2.73214
2.73274
2.73318
2.74004
2.74637
2.75222
2.75762
2.76261
2.76721
2.77146
2.77537
2.77897
2.77927
2.77943
2.77945
2.77934
2.7791
2.78246
2.78554
-0
-0
-0
-0
-0
-0
-0
-0
-0
-0
0.439497
0.413817
0.391244
0.371232
0.699843
0.668564
0.640206
0.614369
0.590724
0.568996
0.548954
0.530406
0.513185
0.49715
0.482179
0.468167
0.455021
0.442661
0.431017
0.420026
0.409633
0.39979
0.390452
0.38158
0.37314
0.365099
0.357429
0.523588
0.513164
0.503184
0.607558
0.596573
0.586016
0.666578
0.655586
0.748953
0.737259
0.725958
0.788642
0.777269
0.766249
0.835634
0.824368
0.882047
0.870744
0.859754
0.849062
0.897846
0.887212
0.87685
0.866748
0.908979
0.898984
0.889226
0.926502
0.916888
0.907488
0.898296
0.931541
0.922501
0.91365
0.978774
1.00774
1.06017
1.10492
1.14396
1.17845
1.20217
1.23247
1.22259
1.21288
1.23415
1.26098
1.28522
1.3072
1.32718
1.34539
1.36338
1.37979
1.37074
1.3618
1.35298
1.34426
1.36085
1.37608
1.39008
1.38174
1.39471
1.40666
1.41767
1.42781
1.44235
1.45159
1.4601
1.46792
1.4751
1.4882
1.49474
1.50072
1.50619
1.51118
1.51572
1.51984
1.5317
1.5354
1.53872
1.59657
1.59914
1.60138
1.61184
1.61378
1.61544
1.61684
1.65534
1.65626
1.66567
1.69721
1.72451
1.74865
1.77027
1.77828
1.78567
1.80495
1.82249
1.83851
1.85319
1.85327
1.85973
1.86569
1.86563
1.86538
1.86496
1.86436
1.86361
1.86926
1.86434
1.86358
1.85875
1.86413
1.86335
1.86244
1.86748
1.86296
1.86205
1.85761
1.85667
1.8523
1.87306
1.87786
1.87349
1.8691
1.86827
1.86733
1.87195
1.86777
1.86684
1.86272
1.86715
1.87127
1.8751
1.87866
