-0
-0
-0
-0
-0
-0
-0
-0
-0
-0
-0
-0
-0
-0
-0
-0
-0
-0
0.297472
0.468996
0.453716
0.439497
0.426229
0.543564
0.63431
0.619382
0.605187
0.591673
0.663197
0.721928
0.708836
0.696212
0.684038
0.672295
0.721928
0.710677
0.699772
0.689202
0.732067
0.721928
0.712064
0.702467
0.693127
0.684038
0.675191
0.666578
0.658191
0.650022
0.688048
0.721928
0.714015
0.706274
0.6987
0.69129
0.684038
0.676942
0.669996
0.663197
0.65654
0.650022
0.643639
0.637387
0.631263
0.661976
0.69007
0.715826
0.709826
0.733538
0.727687
0.721928
0.716258
-0
-0
-0
-0
-0
-0
-0
-0
-0
-0
-0
-0
-0
-0
-0
-0
-0
-0
0.297472
0.468996
0.453716
0.439497
0.426229
0.543564
0.63431
0.619382
0.605187
0.591673
0.663197
0.721928
0.708836
0.696212
0.684038
0.672295
0.721928
0.710677
0.699772
0.689202
0.732067
0.721928
0.712064
0.702467
0.693127
0.684038
0.675191
0.666578
0.658191
0.650022
0.688048
0.721928
0.714015
0.706274
0.6987
0.69129
0.684038
0.676942
0.669996
0.663197
0.65654
0.650022
0.643639
0.637387
0.631263
0.661976
0.69007
0.715826
0.709826
0.733538
0.727687
0.721928
0.716258
