-0
-0
-0
-0
-0
-0
-0
0.543564
0.764205
0.721928
0.684038
0.650022
0.619382
0.591673
0.721928
0.696212
0.672295
0.650022
0.629249
0.60984
0.591673
0.831544
0.80767
0.940566
1.03504
1.01012
0.986427
0.963881
1.03514
1.09116
1.13574
1.17144
1.20008
1.223
1.24124
1.25559
1.2667
1.27508
1.28116
1.28528
1.28774
1.28876
1.28857
1.28732
1.28517
1.28223
1.27863
1.39809
1.47247
1.52936
1.57498
1.61237
1.6434
1.66931
1.691
1.70915
1.70248
1.69538
1.68793
1.68017
1.67215
1.66391
1.65548
1.6469
1.63819
1.62937
1.62047
1.6115
1.60249
1.59344
1.58437
1.58554
1.57685
1.56814
1.55944
1.57828
1.595
1.60984
1.62303
1.63472
1.64507
1.63731
1.62953
1.62173
1.61392
1.6238
1.63261
1.64045
1.64739
1.65352
1.65889
1.66357
1.66761
1.67107
1.66492
1.65871
1.662
1.66479
1.65891
1.65299
1.64703
1.64104
1.63503
1.62899
1.62293
1.61686
1.61078
1.6047
1.59862
1.60269
1.60633
1.60956
1.61241
1.61489
1.61704
1.61887
1.62041
1.62166
1.62264
1.62338
1.62388
1.62416
1.62423
1.62411
1.62379
1.6233
1.61948
1.61895
1.61826
1.61742
1.61644
1.61304
1.6096
1.60611
1.60533
1.60191
1.60111
1.60019
1.59915
1.598
1.59674
1.59537
1.59391
1.59236
1.59072
1.589
1.5872
1.63491
1.66861
1.66635
1.69453
1.69209
1.6896
1.68704
1.68443
1.68178
1.67907
1.67631
1.67352
1.67068
1.6678
1.66596
1.66313
1.66131
1.65943
1.65672
1.65486
1.6522
1.64951
1.64775
1.64593
1.64335
1.64075
1.63902
1.63725
1.63475
1.63222
1.62966
1.62708
1.62447
1.62183
1.61917
1.61649
1.63877
1.65889
1.67727
1.69421
1.7099
1.72451
1.73817
1.77627
1.80361
1.82678
1.84723
1.86564
1.88241
1.89783
1.91208
1.92532
1.93766
1.94919
1.95999
1.97137
1.98144
1.9909
2.00143
2.01131
2.0201
2.02838
2.03756
2.04531
2.0539
2.062
2.06962
2.07681
2.0836
2.09
2.09709
2.10378
2.11009
2.11605
2.12168
2.12699
2.132
2.13787
2.14342
2.14865
2.15333
2.15774
2.1619
2.16582
2.16951
2.17298
2.17625
2.17931
2.18218
2.18487
2.18739
2.18973
2.19192
2.19395
2.19583
2.19757
2.19917
2.20398
2.20854
2.21285
2.21693
2.22078
2.22441
2.22785
2.23109
2.23414
2.23701
2.23971
2.24224
-0
-0
-0
-0
-0
-0
-0
-0
-0
-0
0.439497
0.650022
0.77935
0.863121
0.918296
0.954434
0.977418
0.991076
0.998001
1
0.998364
0.99403
0.998636
1
0.998846
0.995727
0.99901
1
0.999142
1
0.999249
0.99718
0.99403
0.989993
0.985228
0.979869
0.974025
0.967788
0.961237
0.954434
0.947435
0.940286
0.933025
0.925686
0.918296
0.910878
0.925225
0.937734
0.948613
0.958042
0.966177
0.973156
0.979098
1.09401
1.16886
1.22803
1.27697
1.31837
1.35387
1.38457
1.41127
1.43457
1.45495
1.47279
1.48841
1.57913
1.63762
1.68361
1.72146
1.75333
1.78049
1.80383
1.82397
1.84139
1.85647
1.86949
1.88073
1.89037
1.89859
1.90555
1.91137
1.92105
1.92937
1.93647
1.94248
1.94749
1.95161
1.95491
1.95746
1.95934
1.9606
1.96128
1.96145
1.96721
1.97212
1.97624
1.97965
1.98241
1.98457
1.98617
1.98726
1.98789
1.98807
1.98786
2.04654
2.08539
2.11657
2.14277
2.16526
2.18483
2.20198
2.2171
2.23046
2.24229
2.25277
2.26205
2.27024
2.27746
2.27603
2.28242
2.28802
2.29287
2.29706
2.30062
2.30361
2.30608
2.30805
2.30957
2.31067
2.31138
2.31171
2.31171
2.31138
2.31076
2.30986
2.30869
2.30728
2.30564
2.30379
2.30173
2.29948
2.29705
2.29446
2.29171
2.28881
2.28577
2.2826
2.2793
2.2759
2.27238
2.26876
2.26504
2.26124
2.25735
2.25338
2.29485
2.29063
2.28634
2.28199
2.27757
2.27311
2.26859
2.26402
2.25941
2.25476
2.25006
2.24534
2.27263
2.29518
2.31464
2.33179
2.34709
2.36088
2.35591
2.35091
2.34589
2.34084
2.33577
2.33068
2.32557
2.33808
2.3495
2.35997
2.36957
2.37841
2.38655
2.42184
2.42915
2.43587
2.44207
2.44776
2.45299
2.45779
2.46219
2.46621
2.48961
2.49318
2.51248
2.52915
2.54387
2.55703
2.56891
2.57968
2.5895
2.59847
2.60135
2.60955
2.61707
2.62397
2.63032
2.63614
2.6415
2.6464
2.6509
2.65502
2.65877
2.66219
2.6653
2.6681
2.69789
2.71838
2.73532
2.74994
2.76283
2.77434
2.78471
2.79411
2.80266
2.80475
2.80659
2.80819
2.80956
2.81731
2.82439
2.83088
2.83684
2.8423
2.84343
2.84435
2.84509
2.84565
2.84603
2.84625
2.84632
2.84623
2.846
2.84564
2.84514
2.84452
2.84378
2.84292
2.84195
2.84088
2.83971
2.84478
2.84946
-0
-0
-0
-0
-0
-0
-0
0.543564
0.764205
0.881291
0.845351
0.811278
0.77935
0.863121
0.918296
0.954434
0.936667
0.918296
0.899744
0.934068
0.918296
0.94566
0.965636
0.954434
0.942683
0.930586
0.918296
0.905928
0.893571
0.881291
0.869138
0.857148
0.845351
0.833765
0.822404
0.811278
0.800392
0.789749
0.77935
0.811278
0.839004
0.829607
0.820364
0.811278
0.802353
0.793591
0.8196
0.811278
0.803091
0.826746
0.818956
0.811278
0.803716
0.79627
0.788941
0.781728
0.774632
0.767652
0.760786
0.754034
0.747394
0.740866
0.734446
0.728134
0.721928
0.715826
0.709826
0.703926
0.698125
0.692419
0.686809
0.681291
0.776377
0.842134
0.896331
0.942906
0.983783
1.02013
1.05273
1.08216
1.07418
1.06632
1.05858
1.05096
1.04344
1.03604
1.02874
1.02155
1.01446
1.00748
1.00059
0.993804
0.987112
0.980515
0.974011
0.967597
0.961272
0.955034
0.948881
0.974892
0.99894
1.02124
1.04197
1.06128
1.07929
1.09612
1.11187
1.10577
1.09974
1.09378
1.08788
1.08205
1.07628
1.09125
1.10532
1.11858
1.13106
1.14282
1.15391
1.16437
1.17424
1.18355
1.19234
1.20063
1.20845
1.21584
1.2228
1.22937
1.23557
1.2414
1.2469
1.25208
1.25695
1.26154
1.25716
1.2528
1.25726
1.26146
1.2654
1.26911
1.27259
