-0
-0
-0
-0
-0
-0
-0
0.543564
0.503258
0.721928
0.845351
0.918296
0.890492
0.940286
0.970951
0.988699
0.997503
0.991076
0.998001
1
0.998364
0.99403
0.998636
1
0.998846
1
0.99901
0.996317
0.992267
0.987138
0.993234
0.988699
0.983376
0.977418
0.985228
0.979869
0.974025
0.967788
0.961237
0.954434
0.947435
0.940286
0.952266
0.962413
0.970951
0.978071
0.983939
0.988699
0.992476
0.995378
0.997503
0.998933
0.999743
1
0.999762
0.99908
0.998001
0.996566
0.994813
0.992774
0.995148
0.996995
0.998364
0.999295
0.999829
0.999338
0.998553
0.999376
0.999848
1
0.999857
0.999443
0.998781
0.997891
0.996792
0.995499
1.08257
1.08025
1.1392
1.13625
1.18418
1.22518
1.26102
1.29275
1.32109
1.34656
1.36957
1.39041
1.40935
1.42659
1.4423
1.45664
1.46972
1.48167
1.47786
1.47394
1.46993
1.46583
1.46165
1.4574
1.45309
1.44871
1.46023
1.47085
1.46657
1.46223
1.45785
1.46786
1.47711
1.48566
1.49355
1.50083
1.50754
1.51372
1.5194
1.52461
1.52938
1.53374
1.53771
1.54132
1.54458
1.54751
1.55014
1.55247
1.55454
1.55175
1.55365
1.55531
1.55673
1.55416
1.55545
1.55654
1.55743
1.55813
1.55586
1.55351
1.55422
1.55475
1.55512
1.55533
1.5554
1.55532
1.55511
1.55478
1.55432
1.55375
1.55306
1.55227
1.55139
1.5504
1.54933
1.54817
1.54692
1.5456
1.59185
1.62474
1.62298
1.62115
1.61925
1.61729
1.61528
1.61435
1.61334
1.61225
1.6104
1.60849
1.60653
1.60452
1.60363
1.60267
1.60074
1.59878
1.59676
1.59471
1.59261
1.59048
1.58831
1.61399
1.63669
1.65715
1.67584
1.67337
1.67088
1.66836
1.68544
1.70127
1.716
1.72976
1.74266
1.75476
1.76615
1.77689
1.78701
1.79657
1.80561
1.81417
1.82226
1.85886
1.86634
1.87342
1.88013
1.88648
1.89249
1.89819
1.90358
1.90869
1.91352
1.91809
1.92241
1.94732
1.96845
1.97234
1.97601
1.97947
1.98272
2.00108
2.01763
2.03272
2.0466
2.05944
2.07138
2.08252
2.09294
2.10271
2.11188
2.12051
2.12864
2.1363
2.14353
2.15036
2.1568
2.16289
2.16865
2.17409
2.17923
2.20949
2.23109
2.23574
2.24012
2.24425
2.24814
2.25181
2.25525
2.25849
2.26153
2.26438
2.26705
2.26954
2.27186
2.27403
2.27604
2.2779
2.27963
2.28121
2.29846
2.29986
-0
-0
-0
-0
-0
-0
-0
-0
-0
-0
0.439497
0.413817
0.619382
0.591673
0.56651
0.543564
0.672295
0.764205
0.831474
0.811278
0.791858
0.773227
0.755375
0.738285
0.721928
0.706274
0.69129
0.676942
0.663197
0.650022
0.637387
0.625262
0.613619
0.602431
0.591673
0.581321
0.571355
0.561753
0.552495
0.707344
0.806738
0.884264
0.947582
1.0005
1.04534
1.08367
1.11664
1.10299
1.08967
1.07667
1.06398
1.05159
1.09319
1.08106
1.06919
1.05759
1.04624
1.03514
1.02428
1.01366
1.00327
0.9931
1.02919
1.01918
1.00938
1.04147
1.03185
1.06065
1.0866
1.11003
1.13125
1.15049
1.16795
1.18382
1.17514
1.16657
1.15812
1.14978
1.14156
1.13345
1.12545
1.11756
1.14361
1.16733
1.189
1.18126
1.20115
1.2194
1.23619
1.25163
1.26585
1.27896
1.29104
1.30217
1.31243
1.32188
1.33059
1.3386
1.34596
1.35272
1.35892
1.36459
1.36977
1.3745
1.37878
1.38267
1.38617
1.38932
1.39212
1.39462
1.39681
1.39872
1.40037
1.40177
1.40293
1.40387
1.4046
1.40513
1.40548
1.40564
1.46308
1.50328
1.53678
1.56589
1.59171
1.6149
1.63592
1.65508
1.70774
1.74429
1.77461
1.80083
1.82401
1.84475
1.86347
1.88048
1.89599
1.9102
1.92323
1.93521
1.94625
1.99302
2.00286
2.01191
2.02025
2.02793
2.03499
2.04147
2.04743
2.05289
2.05789
2.06245
2.06661
2.07038
2.07379
2.07686
2.07961
2.08206
2.08422
2.08611
2.08775
2.08914
2.0903
2.09124
2.09197
2.09251
2.09286
2.09303
2.09303
2.09286
2.09255
2.12029
2.11972
2.11901
2.11816
2.11719
2.12996
2.12885
2.12763
2.1263
2.12486
2.12333
2.1217
2.11998
2.11817
2.11629
2.13829
2.15749
2.1746
2.19004
2.2041
2.21697
2.22881
2.23974
2.24985
2.28457
2.29376
2.30229
2.31021
2.31757
2.32441
2.33078
2.3285
2.32615
2.32373
2.32125
2.32724
2.33281
2.33801
2.34284
2.34734
2.35152
2.35539
2.35898
2.3623
2.36536
2.36818
2.39038
2.39288
2.39517
2.39724
2.39912
2.40081
2.40231
2.40365
2.40481
2.40582
2.40668
2.42466
2.44037
2.45441
2.46709
2.47866
2.48927
2.49904
2.50808
2.51646
2.52425
2.53148
2.53823
2.54451
2.55036
2.5508
2.5511
2.55656
2.55673
2.55679
2.55673
2.56184
2.5666
2.57105
2.59822
2.60227
2.60604
2.60954
2.6128
-0
1
0.918296
0.811278
0.721928
0.650022
0.591673
0.543564
0.503258
0.468996
0.439497
0.413817
0.619382
0.749595
0.836641
0.896038
0.936667
0.964079
0.949452
0.934068
0.918296
0.902393
0.886541
0.870864
0.855451
0.840359
0.825627
0.811278
0.797327
0.783777
0.770629
0.757878
0.745518
0.733538
0.721928
0.710677
0.699772
0.689202
0.678954
0.669016
0.659376
0.650022
0.640944
0.63213
0.62357
0.615254
0.607172
0.599314
0.591673
0.584239
0.577004
0.569961
0.563103
0.556422
0.549911
0.543564
0.537376
0.53134
0.525451
0.519703
0.560577
0.554778
0.549109
0.543564
0.538141
0.532835
0.527642
0.522559
0.517583
0.512709
0.507935
0.503258
0.498675
0.494183
0.489779
0.485461
0.481226
0.477071
0.472995
0.468996
0.46507
0.461216
0.495173
0.526617
0.555823
0.55167
0.547584
0.543564
0.539608
0.535715
0.531883
0.52811
0.524395
0.520738
0.517135
0.513588
0.510093
0.50665
0.503258
0.499916
0.575102
0.571244
0.625136
0.670868
0.711193
0.747447
0.780436
0.810702
0.838638
0.864543
0.888652
0.911156
0.932214
0.951958
0.946631
0.941368
0.936166
0.931026
0.925946
0.920925
0.915962
0.911057
0.906207
0.901413
0.896674
0.891987
0.910385
0.927777
0.944242
0.959845
0.974646
0.988699
1.00205
1.01475
1.02683
1.03832
1.04927
1.0597
1.06964
1.07912
1.08815
1.09677
1.10499
1.11283
1.12032
1.12745
1.13427
1.14076
1.15788
1.16399
1.16982
1.17537
1.18067
1.18572
1.19053
1.19512
1.21073
1.2255
1.2395
1.25277
1.26538
1.27736
1.28876
1.29275
1.29655
1.30015
1.30357
1.31428
1.32449
1.33422
1.33738
1.34037
1.34961
