-0
-0
-0
-0
-0
-0
-0
-0
-0
-0
0.439497
0.650022
0.77935
0.863121
0.918296
0.954434
0.977418
0.991076
0.998001
1
0.998364
0.99403
0.987693
0.979869
0.970951
0.961237
0.950956
0.940286
0.929364
0.918296
0.907166
0.896038
0.884964
0.873981
0.863121
0.852405
0.841852
0.831474
0.821281
0.811278
0.80147
0.791858
0.782444
0.773227
0.764205
0.755375
0.746737
0.738285
0.730017
0.721928
0.714015
0.706274
0.6987
0.69129
0.684038
0.676942
0.669996
0.663197
0.65654
0.650022
0.643639
0.637387
0.631263
0.625262
0.619382
0.613619
0.60797
0.70961
0.779626
0.837156
0.886451
0.929596
0.967855
1.00208
1.0329
1.06078
1.08609
1.10915
1.13019
1.14943
1.16705
1.18319
1.198
1.21159
1.22407
1.23551
1.24602
1.25565
1.26448
1.27256
1.27996
1.28671
1.29286
1.29846
1.30354
1.30813
1.31228
1.31599
1.31932
1.32227
1.32487
1.39137
1.4373
1.47522
1.50789
1.53662
1.56224
1.58526
1.60609
1.62502
1.64228
1.65806
1.6725
1.68575
1.69792
1.70909
1.71936
1.77529
1.81358
1.84504
1.87202
1.89568
1.91668
1.93549
1.95244
1.96778
1.9817
1.99436
2.0059
2.01642
2.02601
2.03476
2.04274
2.05001
2.05662
2.06262
2.06806
2.07297
2.07739
2.12375
2.15533
2.18123
2.2034
2.20666
2.22598
2.24312
2.25844
2.27223
2.28468
2.29596
2.3062
2.3155
2.32395
2.33164
2.33862
2.34496
2.38564
2.41321
2.43575
2.45499
2.47179
2.48664
2.49989
2.51176
2.52245
2.53209
2.54081
2.54869
2.55582
2.56226
2.56807
2.5733
2.578
2.58221
2.58595
2.58927
2.62496
2.64906
2.66871
2.68547
2.70008
2.71297
2.72444
2.73471
2.74394
2.75224
2.75972
2.76646
2.77254
2.77801
2.78292
2.78732
2.79124
2.79472
2.7978
2.80049
2.80283
2.80483
2.80652
2.80792
2.80904
2.8099
2.81051
2.81089
2.81104
2.81099
2.81074
2.8103
2.80969
2.8089
2.80796
2.80686
2.80561
2.80423
2.80271
2.80107
2.7993
2.79742
2.79544
2.79335
2.79115
2.78887
2.78649
2.78402
2.78147
2.77885
2.77614
2.77337
2.80178
2.82127
2.83735
2.85121
2.86341
2.87429
2.88408
2.89293
2.90098
2.9083
2.91499
2.9211
2.92668
2.93178
2.93644
2.94069
2.94456
2.94808
2.95128
2.95416
2.95675
2.95907
2.96113
2.96295
2.96454
2.96592
2.99128
3.00866
-0
-0
-0
-0
-0
-0
-0
-0
-0
-0
-0
-0
-0
-0
-0
-0
-0
-0
-0
0.286397
0.276195
0.266765
0.426229
0.543564
0.63431
0.845106
0.908654
1.09849
1.20804
1.18299
1.26155
1.2373
1.29738
1.33594
1.38182
1.35997
1.39706
1.42687
1.45612
1.47966
1.50294
1.52164
1.6456
1.6581
1.73056
1.73893
1.79187
1.83303
1.838
1.87049
1.87332
1.89939
1.90053
1.92167
1.92147
1.93874
1.93747
1.95163
1.9495
1.93835
1.93591
1.92517
1.9225
1.91216
1.90929
1.89934
1.88923
1.88674
1.87701
1.87438
1.865
1.86227
1.85323
1.85042
1.84171
1.83884
1.83554
1.83186
1.82783
1.82348
1.81885
1.81396
1.80884
1.80352
1.798
1.79232
1.78649
1.85589
1.8494
1.84279
1.88784
1.8809
1.87387
1.86678
1.90239
1.8951
1.92495
1.91753
1.94316
1.93567
1.95802
1.95049
1.9702
1.96265
1.98017
1.97264
1.9883
2.0023
2.01485
2.02609
2.03617
2.04519
2.05325
2.06043
2.06682
2.07248
2.07745
2.08181
2.08559
2.08883
2.09157
2.09386
2.09571
2.09717
2.09825
2.09898
2.1488
2.14889
2.18222
2.18185
2.20883
2.20807
2.23092
2.25079
2.2683
2.28385
2.29774
2.3102
2.32139
2.33147
2.34055
2.34872
2.35607
2.36268
2.3686
2.37389
2.37859
2.38276
2.38643
2.42829
2.43126
2.45925
2.46165
2.4843
2.48621
2.50539
2.50686
2.52347
2.52454
2.5253
2.52575
2.52593
2.54041
2.54029
2.55315
2.56467
2.57502
2.58434
2.59274
2.60033
2.60717
2.61333
2.61888
2.62385
2.62831
2.63227
2.63579
2.63888
2.64158
2.64391
2.6459
2.64757
2.64894
2.65001
2.65082
2.65138
2.65169
2.68542
2.68537
2.70813
2.70779
2.72633
2.72574
2.74155
2.74073
2.75453
2.7535
2.76569
2.76448
2.77537
2.77399
2.78376
2.79259
2.80057
2.79904
2.80628
2.80461
2.8112
2.80941
2.8154
2.8135
2.81895
2.8239
2.82191
2.85152
2.84932
2.86938
2.86702
2.88342
2.88093
2.89496
2.89235
2.90463
2.90192
2.91281
2.91
2.91976
2.92395
2.93271
2.93647
2.94437
2.94774
2.95489
2.9579
2.96438
2.96705
2.97294
2.9783
2.98065
2.98552
2.98759
2.99201
2.99381
2.99783
2.99939
3.00303
3.00436
3.00765
3.00877
3.01175
3.01266
3.01534
3.01607
3.01848
3.01903
3.02119
-0
-0
-0
-0
-0
-0
-0
-0
-0
-0
-0
-0
-0
-0
-0
-0
-0
-0
-0
-0
-0
-0
-0
-0
-0
-0
-0
-0
-0
-0
-0
-0
-0
-0
-0
-0
-0
-0
-0
-0
-0
-0
-0
-0
0.153742
0.258019
0.342464
0.33729
0.407906
0.402179
0.462749
0.456684
0.509516
0.503258
0.497168
0.543564
0.585157
0.622634
0.65654
0.687315
0.715322
0.740866
0.764205
0.78556
0.805125
0.799049
0.793049
0.787127
0.781281
0.775513
0.769821
0.764205
0.758664
0.753198
0.747806
0.742488
0.737241
0.732067
0.726963
0.721928
0.808986
0.869747
0.920161
0.963746
1.00222
1.03662
1.06764
1.0958
1.12147
1.14497
1.16654
1.24037
1.29127
1.33322
1.36929
1.40097
1.42915
1.49671
1.54286
1.58067
1.64516
1.68891
1.72462
1.75507
1.81597
1.85699
1.89031
1.91861
1.97627
2.01483
2.04601
2.07237
2.1271
2.16343
2.19268
2.21731
2.26935
2.30367
2.33118
2.38128
2.41413
2.44034
2.48863
2.5201
2.54512
2.56595
2.61208
2.64197
2.68698
2.716
2.75993
2.78812
2.8103
2.85278
2.8799
2.90115
2.94228
2.96839
3.0086
3.03401
3.07332
3.09807
3.11726
3.15539
3.17927
3.19772
3.21265
3.24937
3.27224
3.28983
3.30402
3.33942
3.36136
3.37816
3.39165
3.42583
3.4469
3.46297
3.49623
3.51663
3.53214
3.56453
3.59656
3.62827
3.64752
3.67864
3.69746
3.71162
3.74196
3.76023
3.77392
3.80352
3.82126
3.85034
3.86771
3.88064
3.8907
3.91892
3.9357
3.96345
3.97989
3.99204
4.00142
4.00877
4.03559
4.06216
4.07779
4.08929
4.0981
4.12395
4.13909
4.16454
4.17939
4.20444
4.21901
4.24368
4.25798
4.26836
4.29252
4.30647
4.33027
4.34397
4.35385
4.37717
4.39054
4.40016
4.40734
4.43009
4.44309
4.4524
4.47472
4.48742
4.50942
4.5219
4.5436
4.55587
4.57728
4.58935
4.59788
4.60415
4.62507
4.63682
4.64511
4.66565
4.67715
4.68524
4.69112
4.71122
4.72243
4.73029
4.75003
4.76101
4.76869
4.77423
4.77819
4.79745
4.80813
4.81557
4.82092
4.83978
4.85021
4.85745
4.86265
4.88112
4.89947
4.90956
4.91654
4.9346
4.9445
4.95132
4.95616
4.97386
4.98354
4.9902
5.00762
5.01713
-0
-0
-0
-0
0.721928
0.918296
0.985228
1.40564
1.53049
1.57095
1.57262
1.85539
1.95006
1.98523
2.20624
2.28064
2.46924
2.53049
2.54979
2.70869
2.76067
2.77672
2.91402
2.95915
2.97288
2.96892
2.95381
2.93131
3.04662
3.08925
3.10632
3.10846
3.10079
3.08631
3.18531
3.22439
3.24205
3.3323
3.36761
3.45208
3.48453
3.4983
3.57629
3.60605
3.61844
3.62033
3.61505
3.68583
3.71352
3.72559
3.79177
3.81749
3.82852
3.83057
3.89203
3.91604
3.92643
3.92844
3.92463
3.9165
3.97298
3.99576
3.98419
3.9701
3.95402
3.93632
3.94836
3.95316
4.00515
4.02739
4.03865
4.08815
4.10917
4.11969
4.12365
4.12296
4.16942
4.18928
4.19932
4.24378
4.24729
4.26612
4.27562
4.27926
4.27872
4.27502
4.31643
4.33435
4.34358
4.34733
4.34717
4.38642
4.4035
4.40016
4.3945
4.38697
4.37789
4.38725
4.4244
4.44094
4.44983
4.45388
4.4895
4.50533
4.51381
4.54824
4.56347
4.57155
4.5751
4.5754
4.60833
4.62293
4.6307
4.63416
4.66588
4.67991
4.68737
4.69065
4.69091
4.72135
4.73485
4.74205
4.74524
4.74318
4.73933
4.73398
4.72739
4.71973
4.72065
4.71941
4.71643
4.71201
4.74043
4.75359
4.76104
4.76485
4.79238
4.80508
4.81225
4.83907
4.84257
4.85485
4.85578
4.85475
4.85214
4.84821
4.85525
4.85895
4.86021
4.88559
4.89745
4.90425
4.90781
4.90903
4.90842
4.90632
4.9307
4.94216
4.93877
4.93434
4.92903
4.92295
4.91619
4.90883
4.90094
4.89258
4.8838
4.87463
4.86512
4.8553
4.8452
4.83485
4.84227
4.84683
4.86994
4.88146
4.88863
4.89302
4.89536
4.89773
4.8985
4.89799
4.88809
4.87798
4.86768
4.85721
4.84659
4.83582
4.82493
4.81392
4.80281
4.7916
4.7803
4.76893
4.75749
4.75951
4.76032
4.76011
4.75904
4.75721
4.75472
4.75163
4.74802
4.74393
4.73942
4.73451
4.72925
4.71896
4.7086
4.69818
4.68771
4.6772
4.66663
4.65603
4.6454
4.63474
4.62405
4.61334
4.60261
4.59187
4.58111
4.58248
4.58306
4.58294
4.58221
4.58093
4.57055
4.56015
4.54975
4.54823
4.54626
4.54389
4.54116
4.53809
4.54183
4.54453
4.54637
4.54746
4.54789
4.54774
4.54707
4.54594
4.54438
4.54243
4.54014
4.53752
4.5346
4.5314
4.52795
4.52426
4.52035
4.51623
4.51192
4.50743
4.50277
4.49795
-0
-0
-0
-0
-0
-0
-0
-0
-0
-0
-0
-0
0.391244
0.591673
0.721928
0.811278
0.873981
0.918296
0.949452
0.970951
0.985228
0.99403
0.998636
1
0.998846
0.995727
0.991076
0.985228
0.992267
0.987138
1.16089
1.26273
1.25153
1.32513
1.31296
1.36947
1.35691
1.40177
1.43786
1.42557
1.45521
1.44316
1.46782
1.45608
1.47681
1.46543
1.48301
1.47202
1.48704
1.47644
1.48935
1.5
1.49031
1.49951
1.49018
1.49816
1.4892
1.49613
1.48752
1.49357
1.48528
1.49058
1.48261
1.48724
1.49092
1.48365
1.48684
1.47984
1.48263
1.47588
1.4783
1.4718
1.47391
1.47541
1.46946
1.47073
1.46499
1.46606
1.46051
1.4614
1.46185
1.45677
1.45709
1.45217
1.52737
1.5269
1.52153
1.57121
1.56545
1.5648
1.55922
1.5585
1.5575
1.55232
1.55129
1.54627
1.5452
1.54034
1.53924
1.53793
1.53341
1.53209
1.52769
1.52637
1.5221
1.52077
1.51926
1.51529
1.51379
1.50992
1.50844
1.50467
1.54004
1.5706
1.56649
1.59338
1.58912
1.61311
1.63476
1.63036
1.65
1.64553
1.66345
1.65893
1.67536
1.69048
1.68593
1.69987
1.69531
1.70822
1.72016
1.71562
1.72672
1.72218
1.73251
1.72798
1.73762
1.74658
1.74211
1.75049
1.74604
1.75388
1.76118
1.7568
1.76365
1.7593
1.76572
1.7717
1.76744
1.77305
1.76883
1.77411
1.76992
1.77489
1.7795
1.77541
1.77975
1.7757
1.77979
1.78358
1.77963
1.7832
1.77928
1.78264
1.78575
1.78193
1.78486
1.78108
1.78384
1.82539
1.82147
1.8508
1.84677
1.87137
1.89293
1.88877
1.90802
1.90381
1.92123
1.93717
1.9329
1.94754
1.94326
1.95679
1.95249
1.96504
1.97673
1.97243
1.98334
1.97904
1.98925
1.99882
1.99453
2.00352
1.99924
2.0077
2.00343
2.0114
2.0189
2.01467
2.02175
2.01754
2.02424
2.03055
2.02638
2.03235
2.02821
2.03386
2.0679
2.06367
2.08782
2.08353
2.10388
2.09955
2.11742
2.13347
2.12908
2.14366
2.13926
2.14419
2.13981
2.14448
2.14888
2.14456
2.14873
2.14445
2.1484
2.15212
2.1479
2.15143
2.14724
2.15059
2.14643
2.14961
2.15259
2.1485
2.15133
2.14727
2.14995
2.15247
2.14847
2.15086
2.14689
2.14916
2.14522
2.14737
2.14937
2.1455
2.14739
2.14356
2.14535
2.14702
2.14324
2.14481
2.14107
2.14256
-0
-0
-0
-0
0.721928
0.650022
0.591673
0.543564
0.503258
0.468996
0.439497
0.650022
0.77935
0.863121
0.918296
0.954434
0.977418
0.991076
0.998001
1
0.998364
0.99403
0.987693
0.979869
0.970951
0.961237
0.950956
0.940286
0.929364
0.918296
0.907166
0.896038
0.884964
0.873981
0.863121
0.852405
0.841852
0.831474
0.821281
0.811278
0.80147
0.791858
0.782444
0.773227
0.764205
0.755375
0.746737
0.738285
0.730017
0.721928
0.714015
0.706274
0.6987
0.69129
0.809827
0.9246
0.914422
0.989832
1.05031
1.10101
1.0897
1.13302
1.20089
1.25519
1.30063
1.33951
1.37322
1.39251
1.42509
1.45359
1.47866
1.50619
1.52793
1.54718
1.53562
1.55287
1.56821
1.58186
1.59398
1.60475
1.61428
1.6041
1.61275
1.62039
1.62711
1.63299
1.63809
1.64249
1.64624
1.63776
1.64115
1.66254
1.68171
1.69892
1.71441
1.72837
1.72048
1.73317
1.74462
1.75497
1.76429
1.77269
1.78025
1.77308
1.83382
1.87466
1.90782
1.93595
1.96034
1.98177
1.97384
2.02982
2.06722
2.09746
2.12302
2.1451
2.1366
2.18899
2.2238
2.25184
2.27547
2.29582
2.31357
2.30464
2.32029
2.33415
2.34645
2.35739
2.36713
2.3758
2.36728
2.37507
2.38198
2.38811
2.39351
2.39825
2.40238
2.39446
2.43879
2.46827
2.49206
2.51213
2.52944
2.52122
2.53636
2.54972
2.56155
2.57206
2.58143
2.58977
2.58181
2.5893
2.59596
2.60188
2.60712
2.61173
2.61577
2.61928
2.62661
2.62962
2.63218
2.63431
2.63605
2.63743
2.63846
2.6316
2.6324
2.6329
2.63311
2.63305
2.63275
2.63221
2.62587
2.62519
2.6243
2.62322
2.62194
2.62049
2.61887
2.61708
2.61134
2.60949
2.6075
2.60537
2.60311
2.60073
2.59823
2.59562
2.59044
2.58781
2.58508
2.58225
2.57933
2.57632
2.57324
2.6063
2.60146
2.62402
2.62076
2.61742
2.61402
2.61055
2.60702
2.60247
2.59896
2.59538
2.59176
2.58808
2.60628
2.622
2.61766
2.63153
2.64394
2.65513
2.66528
2.67454
2.68301
2.69076
2.68641
2.69354
2.70009
2.70611
2.71164
2.71672
2.72139
2.72567
2.72145
2.75018
2.76996
2.7863
2.80042
2.81286
2.82398
2.834
2.82959
2.83867
2.84694
2.8545
2.86141
2.86774
2.87354
2.87886
2.88374
2.87942
2.90594
2.91033
2.91434
2.9324
2.936
2.95086
2.96367
2.95927
2.97055
2.98062
2.98969
2.9979
-0
-0
-0
-0
-0
-0
-0
-0
-0
-0
-0
-0
-0
-0
-0
-0
-0
-0
-0
-0
-0
-0
-0
-0
-0
-0
-0
-0
-0
-0
-0
-0
-0
-0
-0
-0
-0
-0
-0
-0
-0
-0
-0
-0
-0
-0
-0
-0
-0
-0
-0
-0
-0
-0
-0
-0
-0
-0
-0
-0
-0
-0
-0
-0
-0
-0
-0
-0
-0
-0
-0
-0
-0
-0
-0
-0
-0
-0
-0
-0
-0
-0
-0
-0
-0
-0
-0
-0
-0
-0
-0
-0
-0
-0
-0
-0
-0
-0
-0
-0
-0
-0
-0
-0
-0
-0
-0
-0
-0
-0
-0
-0
-0
-0
-0
-0
-0
-0
-0
-0
-0
-0
-0
-0
-0
-0
-0
-0
-0
-0
-0
-0
-0
-0
-0
-0
-0
-0
-0
-0
-0
-0
-0
-0
-0
-0
-0
-0
-0
-0
-0
-0
-0
-0
-0
-0
-0
-0
-0
-0
-0
-0
-0
-0
-0
-0
-0
-0
-0
-0
-0
-0
-0
-0
-0
-0
-0
-0
-0
-0
-0
-0
-0
-0
-0
-0
-0
-0
-0
-0
-0
-0
-0
-0
-0
-0
-0
-0
-0
-0
-0
-0
-0
-0
-0
-0
-0
-0
-0
-0
-0
-0
-0
-0
-0
-0
-0
-0
-0
-0
-0
-0
-0
-0
-0
-0
-0
-0
-0
-0
-0
-0
-0
-0
-0
-0
-0
-0
-0
-0
-0
-0
-0
-0
-0
-0
-0
-0
-0
-0
-0
-0
-0
-0
-0
-0
-0
1
0.918296
0.811278
0.721928
0.650022
0.591673
0.543564
0.503258
0.921928
1.0958
1.18872
1.2389
1.52164
1.64022
1.70282
1.73452
1.74717
1.74741
1.73935
1.93272
2.02073
2.07111
2.09948
2.11341
2.11731
2.11404
2.10552
2.09313
2.07787
2.06048
2.04153
2.02145
2.00057
1.97914
1.95738
2.08374
2.15184
2.19806
2.23064
2.25362
2.26943
2.27968
2.28553
2.28784
2.3892
2.44436
2.48214
2.50898
2.52805
2.54124
2.54982
2.5547
2.55655
2.5559
2.55317
2.54867
2.5427
2.53546
2.52715
2.51794
2.50794
2.49729
2.48607
2.47438
2.46228
2.44985
2.43713
2.42418
2.41104
2.39774
2.38433
2.37083
2.35726
2.34365
2.33002
2.31639
2.38565
2.42807
2.46023
2.48577
2.50645
2.52335
2.53717
2.5996
2.63752
2.66608
2.68861
2.70672
2.76472
2.79964
2.85571
2.88925
2.9142
2.93362
2.94901
2.96124
2.9709
2.97843
2.98414
2.9883
2.9911
2.9927
2.99325
2.99287
3.04165
3.07095
3.11836
3.14667
3.16773
3.21334
3.24039
3.2604
3.27587
3.28802
3.33118
3.35661
3.37532
3.3897
3.43098
3.45515
3.47283
3.48634
3.49678
3.53603
3.55887
3.5755
3.58813
3.59783
3.60522
3.61075
3.6147
3.61732
3.61879
3.65505
3.67615
3.69151
3.70317
3.71212
3.7468
3.76687
3.78142
3.7924
3.80077
3.8071
3.81175
3.81499
3.81704
3.81805
3.81814
3.81743
3.816
3.81392
3.84568
3.86418
3.87767
3.88793
3.8958
3.90181
3.93217
3.94979
3.96259
3.97228
3.97968
3.98529
3.98942
4.01836
4.0351
4.04723
4.05638
4.06334
4.06858
4.09635
4.11236
4.12391
4.1326
4.13918
4.14409
4.14765
4.15006
4.1515
4.17784
4.19302
4.20396
4.21219
4.2184
4.22304
4.22638
4.22864
4.22996
4.23046
4.23025
4.2294
4.25419
4.26851
4.26697
4.27732
4.27527
4.27276
4.26983
4.26651
4.26284
4.27071
4.26673
4.26246
4.25791
4.25311
4.24807
4.25424
4.24901
4.24358
4.23796
4.23216
4.2262
4.22009
4.21383
4.20745
4.20093
4.1943
4.18757
4.18073
4.17379
4.16677
4.15967
4.15248
4.14523
4.13791
4.13053
4.12309
4.11559
4.10805
4.10046
4.09283
4.08515
4.10741
4.12104
4.13138
4.13961
4.14627
4.15169
4.15608
4.15961
4.16239
4.16451
4.16605
4.16707
4.16762
4.16774
4.16746
4.16683
4.16586
4.16459
4.16303
4.16121
4.18189
4.19462
-0
-0
-0
-0
-0
-0
-0
-0
-0
-0
-0
-0
-0
-0
-0
-0
-0
-0
-0
-0
-0
-0
-0
-0
-0
0.235193
0.455021
0.661055
0.785691
0.878514
0.951086
1.00919
1.05633
1.09488
1.19363
1.2228
1.29455
1.31686
1.37192
1.38904
1.43254
1.44566
1.48069
1.49067
1.51924
1.52674
1.55029
1.66408
1.68142
1.74923
1.7622
1.76547
1.77597
1.78417
1.83274
1.83843
1.87666
1.88035
1.91125
1.91335
1.93873
1.93953
1.9606
2.04608
2.04773
2.09968
2.11535
2.15431
2.15416
2.18505
2.18379
2.20891
2.20675
2.2275
2.24473
2.24189
2.25631
2.2529
2.32233
2.31774
2.3604
2.3714
2.40372
2.41245
2.43816
2.445
2.46595
2.4712
2.48849
2.54892
2.58621
2.61466
2.63739
2.65593
2.67118
2.68376
2.69409
2.70253
2.75669
2.80992
2.8158
2.84808
2.87253
2.89194
2.90764
2.92044
2.93086
2.9393
2.94605
2.95133
2.95534
3.00256
3.03135
3.05313
3.07038
3.0843
3.0956
3.10477
3.11215
3.118
3.12253
3.16552
3.19165
3.21136
3.22693
3.2681
3.29296
3.31163
3.32629
3.33801
3.37719
3.40071
3.41828
3.43201
3.44292
3.45161
3.48872
3.51087
3.54717
3.56335
3.58472
3.5971
3.60682
3.61447
3.62041
3.62492
3.62821
3.63043
3.63172
3.63218
3.66559
3.69861
3.7182
3.73269
3.75193
3.76299
3.77166
3.77843
3.8097
3.82814
3.84172
3.85216
3.86029
3.89039
3.90805
3.9376
3.95035
3.9675
3.97712
3.98454
3.99022
4.01856
4.03506
4.04708
4.05621
4.06321
4.09057
4.09576
4.12273
4.12643
4.14197
4.16836
4.18359
4.19459
4.20551
4.21372
4.21994
4.22458
4.24986
4.26438
4.27483
4.28267
4.30727
4.31305
4.32707
4.33129
4.34131
4.34427
4.35174
4.35365
4.35926
4.38271
4.39612
4.40573
4.41289
4.41825
4.44102
4.454
4.46327
4.4856
4.49238
4.50499
4.50997
4.51892
4.5225
4.5291
4.53154
4.53305
4.55442
4.56654
4.57516
4.58153
4.58624
4.60704
4.61036
4.62208
4.64254
4.65076
4.66224
4.66823
4.67632
4.68225
4.70208
4.72177
4.73281
4.74379
4.75151
4.75713
4.7612
4.78031
4.79098
4.79847
4.81726
4.82262
4.83305
4.83687
4.85529
4.85787
4.86808
4.86966
4.87678
4.87754
4.88268
4.90058
4.9042
4.9141
-0
-0
-0
-0
-0
-0
-0
-0
-0
-0
-0
-0
-0
-0
-0
-0
-0
-0
-0
-0
-0
-0
-0
-0
-0
-0
-0
-0
-0
-0
-0
-0
-0
-0
-0
-0
-0
-0
-0
-0
-0
-0
-0
-0
-0
-0
-0
-0
-0
-0
-0
-0
-0
-0
-0
-0
-0
-0
-0
-0
-0
-0
-0
-0
-0
-0
-0
-0
-0
-0
-0
-0
-0
-0
-0
-0
-0
-0
-0
-0
-0
-0
-0
-0
-0
-0
-0
-0
-0
-0
-0
-0
-0
-0
-0
-0
-0
-0
-0
-0
-0
-0
-0
-0
-0
-0
-0
-0
-0
-0
-0
-0
-0
-0
-0
-0
-0
-0
-0
-0
-0
-0
-0
-0
-0
-0
-0
-0
-0
-0
-0
-0
-0
-0
-0
-0
-0
-0
-0
-0
-0
-0
-0
-0
-0
-0
-0
-0
-0
-0
-0
-0
-0
-0
-0
-0
-0
-0
-0
-0
-0
-0
-0
-0
-0
-0
-0
-0
-0
-0
-0
-0
-0
-0
-0
-0
-0
-0
-0
-0
-0
-0
-0
-0
-0
-0
-0
-0
-0
-0
-0
-0
-0
-0
-0
-0
-0
-0
-0
-0
-0
-0
-0
-0
-0
-0
-0
-0
-0
-0
-0
-0
-0
-0
-0
-0
-0
-0
-0
-0
-0
-0
-0
-0
-0
-0
-0
-0
-0
-0
-0
-0
-0
-0
-0
-0
-0
-0
-0
-0
-0
-0
-0
-0
-0
-0
-0
-0
-0
-0
-0
-0
-0
-0
-0
-0
-0
-0
-0
0.811278
0.970951
1
0.985228
0.954434
0.918296
0.881291
0.845351
1.18872
1.33468
1.4138
1.45656
1.47722
1.71308
1.81634
1.87322
1.9037
1.91736
1.91969
2.09424
2.17353
2.32888
2.39758
2.43529
2.4547
2.46198
2.46075
2.58697
2.64425
2.67655
2.69381
2.70089
2.80899
2.85827
2.88612
2.90095
2.90684
2.90625
2.90076
2.99266
3.03568
3.06074
3.07475
3.08108
3.08173
3.16257
3.15792
3.19602
3.21868
3.23176
3.2381
3.23942
3.23685
3.23119
3.22305
3.29237
3.32646
3.34744
3.41257
3.44425
3.4635
3.47497
3.4809
3.48265
3.4811
3.47692
3.47057
3.52848
3.55728
3.57523
3.58634
3.59255
3.59503
3.59456
3.59168
3.58682
3.58031
3.57239
3.56329
3.61444
3.64077
3.65781
3.66894
3.67582
3.67944
3.72697
3.75141
3.7672
3.77748
3.78379
3.78704
3.78784
3.78663
3.78374
3.77942
3.77387
3.76727
3.75974
3.75142
3.79385
3.81638
3.83141
3.84167
3.88219
3.90357
3.91775
3.92734
3.93359
3.93725
3.93882
