-0
-0
-0
-0
-0
-0
-0
-0
-0
-0
-0
-0
-0
-0
0.353359
0.543564
0.672295
0.650022
0.742488
0.811278
0.791858
0.773227
0.755375
0.811278
0.855451
0.890492
0.918296
0.940286
0.957553
0.970951
0.981152
0.988699
0.99403
0.997503
0.999411
1
0.999473
0.998001
0.995727
0.992774
0.989245
0.985228
0.980798
0.976021
0.970951
0.965636
0.960119
0.954434
0.948613
0.942683
0.936667
0.930586
0.924457
0.918296
0.912116
1.02506
1.09941
1.15861
1.20792
1.19889
1.24074
1.27694
1.30853
1.29936
1.32715
1.35169
1.34273
1.33382
1.32497
1.31618
1.30745
1.29879
1.29021
1.2817
1.30424
1.32453
1.34284
1.35938
1.37432
1.38783
1.40004
1.41107
1.42103
1.43
1.43806
1.4453
1.45177
1.45754
1.45125
1.44495
1.43864
1.44432
1.4494
1.45392
1.45792
1.46145
1.46452
1.46718
1.53382
1.57927
1.58067
1.58172
1.58246
1.58289
1.6192
1.65032
1.67759
1.67724
1.67664
1.67581
1.67476
1.6735
1.67205
1.69571
1.71697
1.73618
1.75363
1.75179
1.74979
1.74764
1.76349
1.77799
1.79129
1.8035
1.80121
1.79878
1.79624
1.79357
1.7908
1.78792
1.78495
1.78189
1.77874
1.77551
1.77221
1.76885
1.76541
1.77688
1.78753
1.7974
1.79398
1.79049
1.78695
1.78336
1.77973
1.78905
1.79773
1.80582
1.81336
1.80982
1.80623
1.8026
1.79893
1.79766
1.79405
1.79041
1.78673
1.78303
1.77929
1.77553
1.77175
1.76795
1.76412
1.76028
1.75642
1.75255
1.74866
1.74476
1.74085
1.73693
1.733
1.72906
1.72512
1.72117
1.71721
1.71326
1.7093
1.70533
1.70137
1.69741
1.69344
1.68948
1.68552
1.68157
1.68961
1.69724
1.70449
1.71136
1.71788
1.72407
1.72994
1.76793
1.7952
1.81834
1.83876
1.85716
1.89373
1.91026
1.93622
1.95818
1.97306
1.99226
2.00951
2.02301
2.03553
2.04718
2.05806
2.06823
2.07776
2.08671
2.09511
2.10301
2.11045
2.11745
2.12405
2.13026
2.14487
2.15827
2.17064
2.20268
2.21397
2.22447
2.23425
2.25663
2.27548
2.28441
2.29276
2.30058
2.30791
2.31478
2.32123
2.32728
2.33296
2.3383
2.34331
2.34802
2.35243
2.36813
2.37221
2.37603
2.37961
2.38295
2.38607
2.38897
2.39168
2.39418
2.39902
2.40356
2.40782
2.41183
2.41558
2.4191
2.42218
2.42506
2.42835
2.43103
-0
-0
-0
-0
0.721928
0.918296
0.985228
1
0.991076
0.970951
0.94566
0.918296
0.890492
0.863121
0.836641
0.811278
0.787127
1.05294
1.02146
1.15678
1.24671
1.3093
1.35345
1.32609
1.29947
1.27365
1.31057
1.28705
1.31625
1.29482
1.27387
1.25343
1.23352
1.21413
1.19527
1.22439
1.24814
1.26744
1.28302
1.29546
1.30524
1.29227
1.27935
1.26653
1.25382
1.24123
1.22879
1.21651
1.20439
1.24955
1.28781
1.32049
1.34857
1.37276
1.39363
1.41165
1.42718
1.44054
1.45199
1.46174
1.46999
1.56539
1.6264
1.63137
1.63522
1.63809
1.68443
1.72252
1.72382
1.72436
1.72421
1.72343
1.72209
1.75331
1.78009
1.80324
1.82335
1.84086
1.85613
1.86945
1.88103
1.89108
1.89976
1.90722
1.91357
1.91892
1.92336
1.92698
1.92985
1.93204
1.93359
1.93458
1.93503
1.935
1.93453
1.93364
1.93238
1.93077
1.92884
1.92661
1.9241
1.92135
1.91836
1.91515
1.91175
1.90816
1.9044
1.90048
1.89642
1.89223
1.88791
1.88348
1.87894
1.87431
1.86959
1.86479
1.91985
1.95713
1.98755
2.01347
2.03605
2.05598
2.07372
2.0896
2.10387
2.11673
2.12834
2.13883
2.13338
2.12787
2.1223
2.13194
2.14069
2.14862
2.1558
2.16228
2.15697
2.16289
2.16823
2.17302
2.1773
2.18111
2.18448
2.18744
2.19001
2.19222
2.23607
2.23769
2.239
2.24002
2.24075
2.24123
2.24145
2.24144
2.2703
2.26994
2.26938
2.26862
2.29206
2.29103
2.31111
2.30985
2.30843
2.30685
2.32435
2.32258
2.32068
2.33621
2.35019
2.36283
2.37431
2.38478
2.39434
2.39224
2.39003
2.38769
2.38525
2.38271
2.38007
2.37734
2.37451
2.37161
2.36862
2.37747
2.38561
2.39311
2.40002
2.40639
2.41225
2.41764
2.4226
2.42715
2.42429
2.42135
2.42558
2.42946
2.43299
2.43622
2.43914
2.44179
2.44416
2.4771
2.4999
2.5188
2.52063
2.53695
2.55137
2.56429
2.57597
2.58659
2.59628
2.60515
2.60653
2.60769
2.60865
2.60942
2.61751
2.62496
2.63183
2.63815
2.64398
2.64936
2.67892
2.69931
2.71619
2.72087
2.72516
2.72908
2.73267
2.73594
2.73891
2.7532
2.76582
2.77712
2.78732
2.79658
2.80503
2.81276
2.81985
2.82232
2.82453
2.8265
2.82824
2.8347
2.83621
2.84215
2.84761
2.85263
2.85393
2.85504
2.85596
2.8567
2.85728
2.8577
2.85796
2.85808
-0
-0
-0
-0
-0
-0
-0
-0
-0
-0
0.439497
0.650022
0.77935
0.749595
0.721928
0.811278
0.787127
0.764205
0.742488
0.721928
0.702467
0.684038
0.666578
0.650022
0.63431
0.619382
0.605187
0.591673
0.578795
0.56651
0.554778
0.543564
0.532835
0.522559
0.512709
0.581321
0.639457
0.689202
0.732067
0.769193
0.759276
0.791858
0.782444
0.773227
0.764205
0.755375
0.746737
0.738285
0.730017
0.721928
0.714015
0.706274
0.6987
0.69129
0.684038
0.676942
0.669996
0.663197
0.65654
0.650022
0.643639
0.752374
0.744865
0.737515
0.810075
0.802224
0.861043
0.852919
0.902813
0.946373
0.984904
1.01929
1.05018
1.07806
1.10331
1.12625
1.14713
1.16617
1.18357
1.19946
1.214
1.2273
1.23946
1.25059
1.26077
1.25336
1.26283
1.27149
1.27941
1.27256
1.26577
1.27333
1.28025
1.28657
1.29234
1.29759
1.30235
1.30666
1.31055
1.3051
1.30875
1.31203
1.31496
1.31755
1.31984
1.31518
1.31052
1.31281
1.31483
1.31659
1.3181
1.31937
1.32043
1.32128
1.32193
1.3224
1.32269
1.32281
1.32278
1.3226
1.32228
1.32182
1.3792
1.41962
1.41845
1.45211
1.45066
1.44912
1.44748
1.44574
1.44393
1.44203
1.44006
1.43801
1.4359
1.43372
1.43148
1.42918
1.42683
1.42443
1.42198
1.41949
1.41695
1.41438
1.41176
1.40911
1.40643
1.40372
1.40098
1.39821
1.39541
1.39479
1.39408
1.3933
1.39244
1.38996
1.38911
1.38667
1.38421
1.38173
1.37922
1.37669
1.37413
1.37156
1.36897
1.36636
1.36611
1.36578
1.36539
1.36492
1.36439
1.36379
