-0
-0
-0
-0
-0
-0
-0
-0
-0
-0
-0
-0
-0
-0
-0
0.33729
0.522559
0.650022
0.742488
0.811278
0.863121
0.902393
0.932112
0.954434
0.970951
0.982859
0.991076
0.996317
0.999142
1.17668
1.2798
1.35434
1.41087
1.45464
1.48882
1.51554
1.53631
1.55225
1.56423
1.57293
1.57887
1.58251
1.70505
1.77734
1.83037
1.87113
1.90306
1.92826
1.94811
1.96362
1.97554
1.98445
1.99083
1.99504
1.9974
1.99816
1.99753
2.08875
2.08583
2.14002
2.18046
2.21207
2.23725
2.25747
2.2737
-0
-0
-0
-0
-0
-0
-0
-0
-0
-0
-0
-0
-0
-0
-0
0.33729
0.522559
0.650022
0.742488
0.811278
0.863121
0.902393
0.932112
0.954434
0.970951
0.982859
0.991076
0.996317
0.999142
1.17668
1.2798
1.35434
1.41087
1.45464
1.48882
1.51554
1.53631
1.55225
1.56423
1.57293
1.57887
1.58251
1.70505
1.77734
1.83037
1.87113
1.90306
1.92826
1.94811
1.96362
1.97554
1.98445
1.99083
1.99504
1.9974
1.99816
1.99753
2.08875
2.08583
2.14002
2.18046
2.21207
2.23725
2.25747
2.2737
