-0
-0
-0
-0
-0
-0
-0
0.543564
0.764205
0.881291
0.94566
0.979869
0.995727
1
0.996792
0.988699
0.977418
0.964079
0.949452
0.934068
0.918296
0.902393
0.886541
0.870864
1.07832
1.05774
1.03777
1.01842
0.9997
0.981591
0.964086
0.947169
0.930822
0.915024
0.899756
0.884997
0.870725
0.856922
0.843567
0.941139
1.01642
1.07728
1.12763
1.16986
1.20556
1.23592
1.22158
1.24786
1.27041
1.28975
1.30633
1.32049
1.33255
1.34276
1.35133
1.35846
1.36429
1.36898
1.46973
1.53419
1.58456
1.62578
1.66027
1.6895
1.71447
1.80176
1.85693
1.89969
1.93441
1.96324
1.98745
2.00791
2.02525
2.03995
2.11491
2.16184
2.19798
2.22716
2.23754
2.2614
2.26976
2.28954
2.30614
2.32009
2.33178
2.34154
2.3496
2.35617
2.36143
2.42326
2.46194
2.49174
2.51579
2.53562
2.55214
2.56596
2.62234
2.65732
2.66801
2.69458
2.7159
2.73338
2.74783
2.75982
2.76974
2.7779
2.78453
2.78982
2.79394
2.79701
2.79914
2.80042
2.80095
2.80079
2.8
2.79864
2.79676
2.79441
2.79162
2.78843
2.78488
2.83064
2.85949
2.88188
2.90009
2.94385
2.95859
2.98577
3.00676
3.02374
3.03776
3.04946
3.05924
3.06742
3.07421
3.07981
3.08434
3.08793
3.09069
3.09268
3.13157
3.15591
3.1747
3.18989
3.20243
3.23959
3.2627
3.28047
3.29478
3.30653
3.34209
3.36409
3.38092
3.39442
3.40546
3.41454
3.42204
3.42819
3.46166
3.48228
3.498
3.51057
3.52079
3.52918
3.56115
3.58074
3.59563
3.60747
3.61707
3.6249
3.63127
3.63642
3.64051
3.64367
3.67365
3.69197
3.70587
3.7169
3.72581
3.73306
3.76182
3.76755
3.78496
3.78947
3.80258
3.81296
3.82132
3.82808
3.83354
3.83789
3.84129
3.84386
3.84569
3.84686
3.84744
3.84748
3.84704
3.84616
3.84487
3.8432
3.84118
3.83885
3.83621
3.8333
3.83014
3.82673
3.8231
3.81926
3.81523
3.81101
3.80662
3.80207
3.79737
3.79253
3.78755
3.78245
3.77723
3.7719
3.76646
3.76093
3.75531
3.7496
3.7438
3.73793
3.73199
3.72598
3.71991
3.71378
3.70759
3.70135
3.69507
3.68873
3.68235
3.67594
3.66948
3.66299
3.65647
3.64992
3.64334
3.63674
3.63011
3.62346
3.6168
3.61011
3.60341
3.59669
3.58996
3.58322
3.57646
3.5697
3.59298
3.60815
3.62024
3.63034
3.63894
3.64637
-0
-0
-0
0.811278
0.721928
0.650022
0.591673
0.811278
0.918296
0.970951
0.99403
1
0.995727
0.985228
0.970951
0.954434
0.936667
0.918296
0.899744
0.881291
0.863121
0.845351
0.828056
0.811278
0.79504
0.999655
1.11709
1.20109
1.26417
1.31256
1.29104
1.27006
1.3093
1.28961
1.3216
1.30317
1.28512
1.26746
1.2502
1.23335
1.21689
1.20082
1.18515
1.16986
1.15494
1.14038
1.12618
1.11233
1.09882
1.08564
1.07277
1.06021
1.04795
1.03598
1.02429
1.01288
1.00173
0.990832
0.980184
1.08614
1.07456
1.06324
1.05217
1.04134
1.03075
1.02039
1.01025
1.00033
0.990611
1.02236
1.05096
1.07682
1.10026
1.09087
1.08164
1.10314
1.09416
1.08533
1.14422
1.19243
1.18309
1.2241
1.25995
1.29169
1.32005
1.34553
1.36855
1.38941
1.40836
1.42561
1.44133
1.45567
1.46877
1.48073
1.54941
1.59598
1.63396
1.66631
1.69448
1.71933
1.74144
1.80385
1.84578
1.87977
1.90859
1.93354
1.95545
2.01318
2.05163
2.10769
2.14483
2.17469
2.19979
2.22137
2.27407
2.30873
2.33645
2.35965
2.3795
2.4292
2.46165
2.48747
2.50899
2.52732
2.57432
2.6048
2.62894
2.64896
2.66594
2.6805
2.7247
2.75316
2.7756
2.81835
2.84572
2.86722
2.88491
2.92593
2.95205
2.97248
3.01223
3.03741
3.05702
3.07303
3.11127
3.13536
3.15404
3.19116
3.21442
3.2324
3.26846
3.29094
3.32626
3.36119
3.38282
3.39939
3.43336
3.45431
3.47029
3.48307
3.49348
3.50203
3.50904
3.51476
3.54682
3.5665
3.58148
3.59341
3.60309
3.611
3.61745
3.64796
3.6666
3.68074
3.71051
3.72862
3.7423
3.75313
3.76184
3.76889
3.77457
3.80299
3.82021
3.83318
3.84341
3.85161
3.87906
3.89563
3.90806
3.91783
3.92563
3.93187
3.93683
3.94071
3.9669
3.99285
4.00842
4.02007
4.02916
4.03638
4.04092
4.04443
4.06935
4.09407
4.11858
4.13318
4.14402
4.16804
4.18229
4.19284
4.21639
4.23031
4.25352
4.27654
4.29008
4.30003
4.32261
4.33585
4.34554
4.35295
4.37501
4.38789
4.40965
4.43124
4.44378
4.4529
4.47411
4.48638
4.49528
4.50199
4.5071
4.52775
4.53966
4.54828
4.55476
4.55966
4.56333
4.56597
4.56776
4.56879
4.56918
4.58897
4.6004
4.61995
4.63936
4.65051
4.65854
4.66455
4.66907
4.67241
4.69129
4.70211
4.70988
4.72846
4.73907
4.74667
-0
-0
0.918296
1
0.970951
0.918296
1.37878
1.29879
1.65774
1.96096
2.04037
2.28416
2.28778
2.26381
2.46625
2.42379
2.60398
2.55218
2.71533
2.65887
2.80845
2.7499
2.69143
2.63376
2.7707
2.8224
2.84438
2.84918
2.84286
2.82893
2.94327
2.98942
3.09474
3.13632
3.15518
3.16052
3.25435
3.29165
3.30864
3.31346
3.31003
3.30069
3.28696
3.26992
3.25034
3.33078
3.36591
3.38449
3.39291
3.3943
3.46698
3.49895
3.51599
3.58391
3.6135
3.6782
3.706
3.72027
3.72616
3.72619
3.72185
3.71413
3.70375
3.69122
3.67696
3.73452
3.76084
3.7756
3.78314
3.78555
3.78409
3.7796
3.83224
3.85671
3.87071
3.92085
3.94395
3.99235
4.01444
4.0612
4.08234
4.09398
4.09964
4.10103
4.14506
4.16501
4.20768
4.22684
4.26823
4.28665
4.32683
4.34456
4.38359
4.40068
4.40962
4.41342
4.41355
4.41086
4.40593
4.39918
4.39091
4.38138
4.41769
4.45345
4.46961
4.47847
4.51304
4.52857
4.53702
4.54098
4.5417
4.53993
4.53617
4.53077
4.524
4.51607
4.50715
4.49738
4.48685
4.51899
4.53417
4.54301
4.54782
4.5497
4.54932
4.58
4.59453
4.60303
4.60768
4.60954
4.60925
4.63858
4.65252
4.6607
4.66521
4.69359
4.70703
4.71489
4.71918
4.72088
4.72057
4.71863
4.71534
4.71092
4.70552
4.73238
4.74534
4.75309
4.75751
4.75951
4.78545
4.79795
4.80542
4.80967
4.81157
4.81165
4.82388
4.83124
4.83549
4.83746
4.83765
4.83641
4.83397
4.83051
4.82617
4.82107
4.81529
4.82728
4.83472
4.83924
4.84162
4.84234
4.85408
4.86139
4.86587
4.86827
4.86905
4.88054
4.88773
4.89216
4.89457
4.90585
4.91292
4.91729
4.91968
4.92053
4.93158
4.93853
4.94944
4.95631
4.96057
4.96294
4.96381
4.96347
4.9621
4.95987
4.98069
4.99123
4.99791
5.00211
5.00449
5.00545
5.00524
5.00405
5.00203
5.02204
5.03224
5.03874
5.04287
5.04526
5.04628
5.04618
5.06556
5.07544
5.08175
5.08577
5.0881
5.08911
5.08903
5.08804
5.10677
5.12536
5.13485
5.14091
5.14476
5.147
5.16514
5.17438
5.18028
5.18402
5.2018
5.21083
5.21657
5.2202
5.22227
5.23964
5.24845
5.25405
5.25757
5.25956
5.27655
5.28515
5.2906
5.29402
5.29595
5.29671
5.31327
5.32166
5.32698
5.33031
5.33219
5.33292
5.33272
5.33172
5.33005
5.32778
-0
-0
-0
-0
-0
-0
0.591673
0.543564
0.503258
0.468996
0.439497
0.413817
0.391244
0.371232
0.699843
0.868393
0.978016
1.05294
1.10501
1.14115
1.36301
1.37956
1.38853
1.39184
1.39086
1.38661
1.37988
1.37123
1.36113
1.34992
1.33788
1.32523
1.31214
1.29875
1.28516
1.27147
1.2759
1.2784
1.27928
1.27879
1.27713
1.36143
1.42505
1.4754
1.59636
1.66927
1.72369
1.76627
1.80028
1.82771
1.8499
1.8678
1.88213
1.89347
1.90225
1.90884
1.91354
1.9166
1.91822
1.9186
1.91788
1.9162
1.91366
1.91038
1.90643
1.9019
1.89685
1.89134
1.88543
1.91495
1.93984
1.96096
1.97895
1.99428
2.00731
2.01836
2.02765
2.03541
2.0418
2.04696
2.05104
2.05212
2.05247
2.05215
2.05124
2.11879
2.11677
2.12007
2.12252
2.12421
2.18815
2.18861
2.18845
2.18773
2.24897
2.24727
2.24511
2.30434
2.30134
2.29797
2.29598
2.29357
2.29079
2.28767
2.28422
2.28049
2.28075
2.28052
2.31652
2.31565
2.34412
2.36782
2.38798
2.43957
2.47299
2.49942
2.52132
2.57046
2.60206
2.62695
2.64747
2.66477
2.67952
2.69218
2.70308
2.74841
2.77736
2.80006
2.81868
2.83431
2.84756
2.85887
2.90123
2.92811
2.94908
2.96622
2.98052
2.99259
3.00282
3.0115
3.05097
3.07588
3.09523
3.11097
3.12405
3.13503
3.14429
3.15209
3.18904
3.21222
3.23016
3.24471
3.25674
3.29212
3.31419
3.33121
3.36561
3.38698
3.40339
3.43687
3.45757
3.47341
3.4861
3.49646
3.505
3.53697
3.55665
3.57164
3.58361
3.59334
3.60131
3.60783
3.61313
3.61738
3.64751
3.66598
3.68002
3.69119
3.70025
3.70764
3.71366
3.74241
3.75996
3.77327
3.78382
3.79234
3.79925
3.80485
3.83234
3.85959
3.88659
3.90293
3.91914
3.93133
3.94091
3.95295
3.96055
3.96665
3.99232
3.99707
4.00077
4.0161
4.01886
4.04382
4.06858
4.08342
4.09815
4.10914
4.11772
4.12858
4.13532
4.14375
4.14905
4.15321
4.17663
4.18315
4.19705
4.2074
4.21768
4.22567
4.23362
4.25614
4.26953
4.29175
4.30155
4.30913
4.32216
4.32804
4.33263
4.33847
4.34198
4.34459
4.34914
4.35098
4.37211
4.37554
4.388
4.40878
4.41789
4.4249
4.43705
4.44247
4.46273
4.47464
4.48649
4.49519
4.50385
4.51246
4.51905
4.5386
4.54508
4.55648
4.57571
4.59482
4.60595
4.61408
-0
-0
0.918296
1
0.970951
0.918296
0.863121
0.811278
0.764205
0.721928
0.684038
1.04085
1.19818
1.48383
1.60494
1.66974
1.70338
1.71776
1.71955
1.71289
1.90752
1.99667
2.0481
2.07743
2.09224
2.24696
2.3182
2.35931
2.38245
2.39355
2.39612
2.39244
2.51585
2.50539
2.56384
2.59922
2.62052
2.72713
2.73668
2.73942
2.78925
2.78656
2.77998
2.87329
2.90196
2.91942
2.92906
2.93287
2.93222
2.92805
2.92106
3.00198
3.04264
3.06832
3.08464
3.09433
3.09904
3.09986
3.17127
3.20737
3.23031
3.29732
3.33083
3.35186
3.41497
3.4765
3.50667
3.56568
3.59431
3.61163
3.66755
3.69443
3.7105
3.76363
3.78894
3.84015
3.86431
3.91373
3.93681
3.95011
3.99731
4.01919
4.06485
4.10963
4.13003
4.14137
4.14702
4.14858
4.19084
4.21013
4.22087
4.22622
4.26652
4.28485
4.29501
4.33381
4.35135
4.36098
4.36562
4.40275
4.4393
4.47527
4.49126
4.49981
4.50367
4.50415
4.53848
4.55378
4.56199
4.56572
4.59874
4.61343
4.62129
4.62482
4.62523
4.65686
4.67097
4.67854
4.68196
4.71248
4.72606
4.73332
4.73658
4.73695
4.73507
4.76427
4.77735
4.78442
4.78767
4.81591
4.81626
4.81448
4.82709
4.83397
4.83719
4.83777
4.83629
4.83316
4.82866
4.82301
4.81637
4.80888
4.80065
4.82709
4.83944
4.84651
4.85023
4.85149
4.85086
4.84868
4.87403
4.88595
4.91085
4.9225
4.92919
4.93271
4.93392
4.93334
4.9313
4.95523
4.9665
4.97302
4.97651
4.983
4.98649
4.9878
4.98741
4.98563
4.9827
4.9788
4.97405
4.96856
4.96402
4.95875
4.98121
4.9921
4.99865
5.00242
5.02432
5.03491
5.03145
5.0272
5.02224
5.03278
5.03917
5.0429
5.04469
5.04494
5.04396
5.04194
5.03904
5.03536
5.05607
5.06629
5.07257
5.09289
5.10288
5.10899
5.11262
5.11442
5.1148
5.11401
5.11224
5.10965
5.10632
5.10237
5.09785
5.09283
5.08736
5.10672
5.11645
5.12256
5.12635
5.12843
5.12917
5.12881
5.14758
5.15703
5.16297
5.16165
5.16537
5.16743
5.16821
5.16793
5.18608
5.19526
5.20106
5.20468
5.20671
5.20748
5.20723
5.20612
5.20427
5.20177
5.1987
5.19514
5.19112
5.18669
5.18189
5.19924
5.20818
5.21394
5.21767
5.2199
5.22094
5.22102
5.22029
5.23712
5.23216
5.22691
5.22553
5.22356
5.22105
5.21806
5.22675
5.23245
-0
-0
-0
-0
-0
0.650022
1.14883
1.29879
1.65774
1.76096
1.68582
1.61401
1.54659
1.48383
1.73827
1.84192
1.89427
1.9183
1.92482
1.91997
2.10474
2.18493
2.22817
2.25
2.25791
2.40626
2.4716
2.50723
2.52527
2.53161
2.52973
2.52187
2.50958
2.49399
2.47591
2.45597
2.43463
2.54613
2.6016
2.63635
2.65833
2.67141
2.76864
2.81675
2.84668
2.86535
2.87613
2.88105
2.88146
2.8783
2.87228
2.86395
2.85374
2.93393
2.97533
3.00224
3.02005
3.03141
3.03787
3.0405
3.04005
3.03708
3.03203
3.02523
3.01696
3.00746
2.99692
2.98548
2.97328
2.96045
2.94707
2.93323
2.919
2.90445
2.88963
2.87459
2.85937
2.84402
2.82855
2.81301
2.87425
2.85831
2.89386
2.91979
2.93954
2.92379
2.90802
2.92366
2.93587
2.9453
2.95243
2.95761
2.96112
2.94681
2.93248
2.93511
2.9365
2.93678
2.93608
2.93451
2.93216
2.92911
2.92543
2.92119
2.91643
2.91122
2.96044
2.99035
3.01291
3.03072
3.04505
3.05664
3.066
3.0735
3.07941
3.08393
3.08725
3.08951
3.09082
3.08568
3.08019
3.07437
3.06826
3.06187
3.05523
3.04836
3.04978
3.05046
3.05047
3.04987
3.09125
3.11694
3.13664
3.15247
3.15092
3.14887
3.14638
3.14348
3.15645
3.15318
3.16398
3.17301
3.18053
3.18677
3.22422
3.24753
3.2523
3.27013
3.28451
3.29633
3.30613
3.31427
3.32102
3.32657
3.33107
3.33464
3.36903
3.39037
3.40676
3.41994
3.43074
3.43968
3.44707
3.45317
3.48561
3.50565
3.52099
3.53328
3.54332
3.55158
3.55838
3.56395
3.56846
3.57296
3.57654
3.58013
3.58291
3.58496
3.58637
3.58718
3.58931
3.5908
3.59171
3.59209
3.59199
3.59145
3.59445
3.59675
3.59586
3.59758
3.59636
3.5948
3.59291
3.59073
3.58828
3.58557
3.58646
3.58355
3.58042
3.57708
3.57766
3.57417
3.5705
3.56666
3.56697
3.56302
3.56301
3.56265
3.56196
3.56097
3.55969
3.55815
3.55636
3.55433
3.55209
3.54965
3.54701
3.54419
3.54119
3.53804
3.53473
3.53128
3.5277
3.52398
3.52796
3.52415
3.52023
3.5162
3.51206
3.51557
3.51856
3.52106
3.52313
3.5248
3.5261
3.52705
3.52768
3.52801
3.52806
3.55231
3.55202
3.55149
3.55074
3.54976
3.54858
3.54722
3.54566
3.56118
3.57357
3.58391
3.59275
3.60039
3.60703
3.61283
3.6179
3.62232
-0
-0
-0
0.811278
0.970951
1
0.985228
0.954434
0.918296
0.881291
0.845351
0.811278
0.77935
0.749595
0.721928
0.696212
0.978016
1.12211
1.21553
1.2789
1.32231
1.35169
1.37086
1.38244
1.38826
1.38967
1.38769
1.38306
1.37638
1.3681
1.35858
1.34811
1.33689
1.32513
1.31296
1.3005
1.28785
1.42953
1.51363
1.57557
1.62342
1.66115
1.69117
1.7151
1.73409
1.74903
1.76058
1.76927
1.77555
1.77976
1.88409
1.9465
1.99283
2.02887
2.05746
2.08031
2.09857
2.09843
2.11311
2.1247
2.13366
2.14039
2.14519
2.14831
2.14998
2.15037
2.14964
2.14792
2.14532
2.14196
2.1379
2.2138
2.2605
2.296
2.32427
2.34726
2.36613
2.38165
2.3944
2.4048
2.41318
2.41981
2.42491
2.42867
2.43123
2.49436
2.53324
2.56286
2.58648
2.6057
2.62149
2.63448
2.64514
2.65381
2.66077
2.66624
2.67039
2.67339
2.67535
2.67638
2.67659
2.67605
2.67483
2.67299
2.6706
2.66771
2.66435
2.66058
2.65641
2.6519
2.64707
2.64195
2.63655
2.63091
2.62505
2.67393
2.70498
2.72921
2.74902
2.76556
2.77952
2.79138
2.80145
2.81
2.81723
2.86165
2.88971
2.91153
2.92929
2.94406
2.95648
2.96696
2.97581
2.98326
2.98949
2.99464
2.99884
3.00218
3.00475
3.00662
3.00785
3.0085
3.00862
3.00826
3.00744
3.00621
3.04451
3.06886
3.08787
3.08594
3.08366
3.09917
3.11215
3.12314
3.12052
3.12989
3.13788
3.14468
3.15044
3.15529
3.15931
3.1626
3.16522
3.16723
3.16869
3.16964
3.17013
3.17018
3.16983
3.16911
3.16805
3.16667
3.16499
3.16303
3.16081
3.15835
3.15566
3.15275
3.14965
3.14636
3.14289
3.13926
3.13547
3.13153
3.12746
3.12325
3.11893
3.11448
3.10994
3.10528
3.10054
3.0957
3.09078
3.08578
3.11634
3.11118
3.10594
3.10063
3.09527
3.08985
3.10975
3.10424
3.12023
3.13369
3.14527
3.15537
3.16424
3.17206
3.17898
3.18509
3.1905
3.19527
3.19946
3.20312
3.2063
3.20904
3.21137
3.21332
3.21491
3.21617
3.21713
3.21779
3.21819
3.21833
3.21823
3.2179
3.21737
3.21662
3.21569
3.21458
3.2133
3.21185
3.21025
3.2085
3.23449
3.25181
3.24981
3.2638
3.27565
3.2859
3.29489
3.30283
3.30988
3.30771
3.3054
3.31169
3.31731
3.32232
3.32678
3.32441
3.32193
3.31935
3.31666
3.31388
3.31794
3.32155
-0
-0
0.918296
1
0.970951
1
0.985228
0.954434
0.918296
0.881291
0.845351
0.811278
0.77935
0.749595
0.721928
1.0141
1.15955
1.25163
1.31243
1.35272
1.37878
1.39462
1.37086
1.34707
1.36154
1.37016
1.37425
1.3748
1.37255
1.36096
1.34857
1.33558
1.32218
1.30849
1.29463
1.28067
1.2667
1.25276
1.2389
1.22516
1.21156
1.19812
1.18486
1.1718
1.15894
1.14629
1.13386
1.12164
1.10965
1.09787
1.15195
1.19748
1.23633
1.26978
1.29873
1.32389
1.31243
1.30111
1.3168
1.33052
1.3425
1.35292
1.44904
1.51126
1.60269
1.66138
1.74849
1.83336
1.91607
1.96815
2.00842
2.08612
2.13456
2.17177
2.2017
2.2263
2.29739
2.34125
2.37469
2.40138
2.42314
2.44105
2.45582
2.51976
2.55886
2.58847
2.64927
2.68614
2.71388
2.73574
2.75329
2.80987
2.8654
2.89864
2.92339
2.94267
2.95796
3.00992
3.06098
3.09116
3.11342
3.13057
3.17903
3.20747
3.2283
3.27486
3.30199
3.32175
3.36654
3.39246
3.43605
3.46111
3.47917
3.52119
3.54519
3.56239
3.5752
3.61541
3.63823
3.65448
3.66652
3.67546
3.682
3.68657
3.68951
3.72701
3.74826
3.76337
3.77453
3.7828
3.78881
3.79299
3.79563
3.79696
3.8319
3.8517
3.86578
3.87618
3.87611
3.87509
3.87321
3.88099
3.8867
3.89072
3.89333
3.89474
3.8951
3.89454
3.89317
3.89109
3.88836
3.88505
3.88122
3.87952
3.87718
3.87307
3.86853
3.86361
3.85832
3.85271
3.84679
3.87723
3.89508
3.90817
3.91817
3.94766
3.96488
3.97744
3.98701
4.0156
4.04391
4.06031
4.0722
4.08119
4.08805
4.09321
4.09701
4.09964
4.12658
4.15327
4.16866
4.17978
4.18813
4.21408
4.22898
4.25451
4.26912
4.27959
4.2874
4.29326
4.31798
4.34249
4.35643
4.36636
4.37372
4.37918
4.38315
4.40681
4.42022
4.42976
4.4368
4.43937
4.44093
4.44162
4.44156
4.45459
4.46388
4.47076
4.47
4.46866
4.46679
4.46444
4.46167
4.4585
4.45498
4.45113
4.44697
4.44253
4.43783
4.44317
4.46481
4.47729
4.48629
4.49306
4.49817
4.51924
4.53134
4.54005
4.56075
4.57259
4.59302
4.60468
4.61302
4.61922
4.62385
4.64376
4.65509
4.66317
4.66917
4.67361
4.67685
4.67908
4.68046
4.69969
4.71061
4.7184
4.72417
4.72845
4.73154
4.75024
4.76084
4.76839
4.78678
4.79718
4.80456
4.81
-0
1
0.918296
0.811278
0.721928
0.650022
0.591673
0.543564
0.503258
0.468996
0.439497
0.413817
0.391244
0.371232
0.353359
0.33729
0.322757
0.309543
0.297472
0.286397
0.276195
0.266765
0.513185
0.658351
0.764114
0.845106
0.908654
0.959196
1.14252
1.24861
1.32506
1.35484
1.41136
1.43338
1.4502
1.46276
1.47182
1.45421
1.4368
1.41961
1.42929
1.43649
1.44157
1.44483
1.44654
1.44691
1.48787
1.52172
1.54986
1.57334
1.59291
1.60918
1.62264
1.72563
1.789
1.83709
1.87535
1.90644
1.93197
1.95304
1.97041
1.9847
1.99634
2.00573
2.01315
2.09592
2.10063
2.10389
2.10587
2.10672
2.10656
2.15511
2.15368
2.19063
2.22031
2.24466
2.26486
2.28169
2.2957
2.30733
2.31692
2.32472
2.33097
2.33584
2.40064
2.44087
2.47169
2.49643
2.5167
2.53348
2.59292
2.6295
2.65734
2.67955
2.7356
2.76982
2.7957
2.8162
2.83276
2.88522
2.91699
2.94087
2.95967
2.97474
2.98688
2.99665
3.00442
3.01051
3.01513
3.02697
3.03654
3.0442
3.05025
3.05489
3.0583
3.06063
3.07462
3.08601
3.09529
3.10278
3.10876
3.11343
3.11398
3.1138
3.11089
3.10752
3.10373
3.09954
3.095
3.09014
3.0933
3.09559
3.09709
3.09788
3.09313
3.08811
3.08283
3.07732
3.07159
3.06566
3.05955
3.05326
3.0543
3.05476
3.0547
3.05415
3.06396
3.0723
3.07939
3.08441
3.08855
3.09192
3.09457
3.09961
3.10379
3.13982
3.1627
3.19801
3.22036
3.23776
3.25196
3.26907
3.28301
3.28562
3.28757
3.28892
3.28974
3.29006
3.28993
3.28938
3.29094
3.29197
3.29251
3.29261
3.2923
3.29525
3.29759
3.29936
3.30063
3.30142
3.30178
3.30174
3.30701
3.30661
3.30805
3.30904
3.3096
3.30977
3.3104
3.31064
3.31053
3.31008
3.30931
3.30762
3.30569
3.30354
3.30117
3.2986
3.29585
3.29292
3.28982
3.28656
3.28316
3.27962
3.27594
3.27214
3.26823
3.28684
3.30169
3.31411
3.32471
3.33387
3.34184
3.34881
3.3549
3.38193
3.39953
3.41354
3.42521
3.43514
3.4437
3.45113
3.47709
3.49392
3.50727
3.51837
3.52778
3.55298
3.56925
3.58212
3.59279
3.60182
3.60955
3.61622
3.62197
3.62693
3.6312
3.63485
3.63794
3.66173
3.67704
3.68914
3.69914
3.70759
3.73072
3.74557
3.75262
3.76426
3.77386
3.78195
3.78884
3.81117
3.82545
3.83666
3.84589
3.86774
-0
-0
-0
-0
-0
-0
0.591673
0.811278
0.918296
0.970951
0.99403
1
0.995727
0.985228
0.970951
0.954434
0.936667
0.918296
0.899744
1.14115
1.26777
1.35169
1.40984
1.45058
1.47885
1.49786
1.50987
1.51647
1.51885
1.51792
1.51436
1.50871
1.50141
1.49279
1.48313
1.62505
1.70633
1.7645
1.80808
1.8413
1.86669
1.88596
1.90032
1.91069
2.02197
2.08563
2.13119
2.16528
2.19115
2.21076
2.22544
2.23612
2.2435
2.24814
2.25048
2.25085
2.24955
2.24681
2.33268
2.38276
2.41922
2.44697
2.46843
2.54598
2.59072
2.623
2.64732
2.66589
2.68001
2.74975
2.78965
2.81823
2.83959
2.85571
2.86779
2.87663
2.8828
2.88673
2.88876
2.9496
2.94947
2.94796
2.94525
2.94148
2.9368
2.99405
3.02719
3.05977
3.08331
3.07716
3.07033
3.0629
3.05494
3.0465
3.06969
3.08746
3.10125
3.11863
3.1292
3.13728
3.1433
3.14757
3.15034
3.15179
3.1521
3.1514
3.1498
3.14277
3.14058
3.13767
3.13412
3.12999
3.14342
3.1388
3.13372
3.1282
3.1223
3.13329
3.12711
3.1206
3.11381
3.12292
3.11594
3.10872
3.10128
3.09364
3.10138
3.09365
3.08575
3.07771
3.11887
3.11052
3.10205
3.12744
3.11881
3.11009
3.10128
3.12077
3.11188
3.10292
3.09389
3.10068
3.09169
3.08265
3.09844
3.08938
3.08028
3.09351
3.08442
3.07529
3.08656
3.07746
3.06835
3.07449
3.06544
3.05638
3.06615
3.05713
3.04811
3.05359
3.04464
3.05319
3.04429
3.03539
3.04291
3.03407
3.02524
3.03188
3.02312
3.02894
3.02025
3.01157
3.01675
3.00815
2.99956
3.00417
2.99566
2.99972
2.99129
2.98287
2.98649
2.97816
2.98133
2.97309
2.96486
2.96769
2.95954
2.95142
2.95395
2.94591
2.97769
2.96958
2.99063
2.98251
2.97442
2.99138
2.9833
2.99764
2.98959
2.98155
2.99398
3.00489
3.01454
3.02311
3.03075
3.0329
3.03971
3.04579
3.04758
3.04903
3.05446
3.0593
3.06361
3.06743
3.07079
3.07374
3.0763
3.0785
3.08036
3.08191
3.08316
3.08413
3.08485
3.08531
3.11273
3.13108
3.1581
3.17615
3.19077
3.20315
3.21388
3.22823
3.24038
3.25089
3.26011
3.26824
3.27736
3.28541
3.29255
3.2989
3.30456
3.3096
3.31408
3.31806
3.32157
3.32466
3.32736
3.3297
3.3317
3.33339
3.3576
3.37371
3.38673
3.39774
3.40726
3.41559
-0
-0
0.918296
1
0.970951
0.918296
0.863121
0.811278
0.764205
0.721928
0.684038
0.650022
0.991264
0.946373
1.05298
1.32446
1.37842
1.33551
1.295
1.41664
1.49419
1.54554
1.57942
1.60098
1.61357
1.61945
1.62026
1.61718
1.6111
1.60272
1.59254
1.58098
1.56836
1.55494
1.69769
1.7781
1.76101
1.7436
1.72601
1.70832
1.69062
1.67296
1.65539
1.71165
1.75524
1.78971
1.8172
1.83915
1.85659
1.87032
1.88092
1.88887
1.89458
1.89834
1.90044
1.90109
1.90048
1.89877
1.8961
1.89259
1.88834
1.88345
1.87799
1.87204
1.86565
1.85888
1.85177
1.84438
1.83673
1.82887
1.82081
1.8126
1.80424
1.79577
1.7872
1.77855
1.76984
1.76108
1.75228
1.74345
1.73461
1.72576
1.79905
1.84699
1.88513
1.91688
1.9439
1.96719
1.98743
2.00511
2.02058
2.03414
2.09801
2.13941
2.17216
2.19927
2.22222
2.24189
2.25887
2.27359
2.28637
2.29747
2.30708
2.36313
2.3992
2.42759
2.451
2.47072
2.48754
2.50198
2.51441
2.52513
2.53434
