-0
-0
-0
-0
0.721928
0.918296
0.985228
1
0.991076
0.970951
0.94566
0.918296
0.890492
0.863121
0.836641
1.12164
1.26077
1.34722
1.40299
1.43876
1.46072
1.43537
1.40984
1.38443
1.35933
1.38295
1.39921
1.37878
1.39145
1.39958
1.40408
1.40564
1.40483
1.39356
1.38173
1.36947
1.37125
1.35999
1.34844
1.33667
1.32475
1.31274
1.3007
1.28865
1.27663
1.26467
1.25279
1.24101
1.22934
1.2178
1.20639
1.19512
1.184
1.17303
1.16222
1.15157
1.14107
1.13074
1.12057
1.11055
1.1007
1.091
1.10715
1.12164
1.13465
1.14631
1.15675
1.16609
1.17441
1.18182
1.18838
1.19417
1.19926
1.20369
1.20753
1.21081
1.21359
1.21589
1.21777
1.21924
1.22034
1.2211
1.30048
1.30018
1.35363
1.39726
1.43444
1.46682
1.4954
1.52084
1.54362
1.56411
1.63304
1.67938
1.71697
1.74882
1.77642
1.80064
1.82208
1.84116
1.90307
1.9443
1.9603
1.9932
2.02093
2.04482
2.06569
2.08405
2.10031
2.11474
2.12759
2.13903
2.14922
2.15829
2.16635
2.17348
2.17978
2.18531
2.23696
2.27118
2.2987
2.32184
2.34174
2.35907
2.37429
2.38771
2.39959
2.41012
2.41945
2.42771
2.43502
2.44145
2.4471
2.49229
2.52208
2.54597
2.566
2.58317
2.59809
2.61114
2.62261
2.63272
2.67443
2.68306
2.7102
2.73186
2.74996
2.76541
2.77878
2.79042
2.8006
2.80952
2.81734
2.82418
2.83014
2.83531
2.84208
2.848
2.85313
2.85757
2.86137
2.86458
2.86725
2.86942
2.87114
2.87243
2.87333
2.87385
2.87404
2.8739
2.87346
2.87274
2.87176
2.87053
2.86906
2.86738
2.86549
2.87027
2.87447
2.87814
2.88131
2.88402
2.8863
2.8882
2.88972
2.8909
2.89176
2.89231
2.89258
2.89259
2.89235
2.89186
2.89116
2.89024
2.88913
2.88783
2.91916
2.94012
2.95711
2.97151
2.98399
2.99495
3.00464
3.01326
3.02095
3.02782
3.03396
3.03944
3.04432
3.04867
3.05251
3.0559
3.05886
3.06143
3.06364
3.0655
3.06705
3.06829
3.06926
3.09722
3.09782
3.09818
3.11675
3.13182
3.1446
3.15569
3.16542
3.17404
3.18171
3.18856
3.19467
3.20014
3.20502
3.20938
3.21325
3.21667
3.24246
3.25966
3.27357
3.28535
3.29555
3.30449
3.31238
3.31939
3.32563
3.35025
3.36659
3.37979
3.39093
3.40055
3.40896
3.41637
3.42292
3.42873
3.43389
3.45735
