-0
-0
-0
-0
-0
-0
-0
-0
-0
-0
-0
-0
-0
-0
-0
-0
-0
-0
-0
-0
-0
0.266765
0.258019
0.249882
0.402179
0.391244
0.380947
0.371232
0.362051
0.353359
0.345117
0.33729
0.329846
0.322757
0.315997
0.309543
0.303375
0.297472
0.291818
0.286397
0.281194
0.276195
0.27139
0.266765
0.262311
0.258019
0.253878
0.249882
0.246023
0.242292
0.238685
0.235193
0.365792
0.36056
0.355489
0.350573
0.436753
0.431017
0.425443
0.420026
0.414758
0.409633
0.476998
0.471393
0.465932
0.460608
0.455417
0.450352
0.44541
0.440586
0.435875
0.431274
0.426779
0.422385
0.475643
0.522956
0.565514
0.604124
0.639373
0.671709
0.701486
0.728992
0.754464
0.778104
0.800083
0.820549
0.839631
0.857442
0.936688
0.952444
1.00728
1.0214
1.03457
1.04686
1.05832
1.06902
1.07901
1.08834
1.09704
1.09124
1.0855
1.07982
1.07418
1.0686
1.06308
1.0576
1.06647
1.07481
1.08264
1.09
1.09692
1.1034
1.10949
1.1152
1.12056
1.12557
1.13026
1.13465
1.13874
1.14256
1.14612
1.14943
1.1525
1.15535
1.15798
1.1604
1.16264
1.16468
1.16655
1.16825
1.16979
1.17117
1.17241
1.1735
1.17447
1.20826
1.20891
1.20945
1.20987
1.21019
1.2104
1.21051
1.23947
1.23935
1.23914
1.26502
1.26462
1.26414
1.26358
1.26295
1.26225
1.26148
1.26064
1.25975
1.25879
1.25778
1.28055
1.2794
1.27821
1.27696
1.27567
1.27433
1.29501
1.31424
1.33218
1.33064
1.34741
1.36318
1.37803
1.39206
1.40531
1.41787
1.42977
1.44106
1.45178
1.46198
1.47167
1.4809
1.48969
1.49806
1.50603
1.51363
1.52088
1.52778
1.53437
1.54065
1.54664
1.55235
1.55779
1.56298
1.602
1.60676
1.63487
1.65883
1.68007
1.69928
1.71685
1.73306
1.74811
1.76214
1.77526
1.81151
1.83758
1.85973
1.87931
1.89697
1.91308
1.92791
1.94165
1.95442
1.96634
1.97751
1.98798
1.99782
2.00709
2.01582
2.02407
2.03185
2.0392
2.04616
2.05273
2.05895
2.06484
2.07041
2.07568
2.08066
2.08538
2.08984
2.12123
2.14368
2.1627
2.17946
2.19455
2.20829
2.22091
2.23257
2.2434
2.24705
2.25047
2.25368
2.25669
2.26606
2.26885
2.27146
2.2739
2.27616
2.27826
2.28693
2.29507
2.30273
2.30993
2.31672
2.32312
2.32916
2.33485
2.33702
-0
-0
-0
0.811278
0.970951
1
0.985228
0.954434
0.918296
0.881291
0.845351
0.811278
0.77935
0.749595
0.721928
1.0141
1.15955
1.25163
1.31243
1.35272
1.37878
1.39462
1.40293
1.40564
1.40411
1.39936
1.39215
1.38306
1.37255
1.36096
1.34857
1.33558
1.32218
1.30849
1.29463
1.28067
1.2667
1.25276
1.2389
1.22516
1.21156
1.19812
1.18486
1.1718
1.15894
1.14629
1.13386
1.12164
1.10965
1.09787
1.08631
1.07497
1.06385
1.05294
1.04224
1.03175
1.02146
1.01136
1.00147
0.99176
0.982241
0.972904
0.963746
0.954762
0.945949
0.937301
0.928816
0.920489
0.912316
0.904294
0.896419
0.98956
1.05303
1.10484
1.149
1.18745
1.22138
1.25158
1.27864
1.30298
1.32497
1.34487
1.36292
1.37932
1.39422
1.40778
1.42011
1.43133
1.44152
1.45078
1.45917
1.52981
1.59911
1.64581
1.68375
1.71595
1.74389
1.76844
1.7902
1.80961
1.82698
1.84258
1.85661
1.86924
1.92906
1.93316
1.93667
1.93963
1.94208
1.95289
1.96263
1.97138
1.97925
1.98629
1.99259
1.99819
2.00315
2.00752
2.04386
2.0734
2.0985
2.1203
2.12347
2.12616
2.14517
2.14733
2.14907
2.15042
2.1514
2.15205
2.15238
2.15241
2.15216
2.15165
2.15089
2.1499
2.15229
2.16861
2.18328
2.19653
2.20852
2.21939
2.22927
2.23824
2.2464
2.2538
2.26051
2.26659
2.27209
2.27704
2.28148
2.28546
2.289
2.33066
2.33355
2.33607
2.33823
2.3661
2.38893
2.40847
2.42556
2.4407
2.45422
2.46638
2.47734
2.48726
2.49624
2.50439
2.51178
2.51847
2.52454
2.5614
2.56669
2.57145
2.57572
2.5932
2.59694
2.60025
2.60316
2.60571
2.60791
2.60979
2.61136
2.61264
2.61365
2.61441
2.61492
2.6152
2.62989
2.64294
2.65462
2.66515
2.67466
2.68329
2.69113
2.69826
2.70474
2.71063
2.71598
2.72083
2.72522
2.72919
2.73275
2.73594
2.73878
2.7413
2.7435
2.74542
2.74707
2.74845
2.7496
2.75051
2.75121
2.75169
2.75198
2.75209
2.75201
2.77245
2.77215
2.77168
2.77106
2.7703
2.7765
2.78219
2.78739
2.79215
2.7965
2.80046
2.80407
2.80734
2.8103
2.81297
2.8122
2.81129
2.81372
2.81588
2.81781
2.81949
2.82096
2.82222
2.82327
2.8224
2.82141
2.82031
2.8191
2.82007
2.82086
2.82148
2.82193
2.82223
2.82238
2.82239
2.82227
2.82201
2.82163
2.82113
-0
-0
-0
0.811278
0.721928
0.650022
0.591673
0.543564
0.503258
0.468996
0.439497
0.413817
0.391244
0.591673
0.56651
0.868393
1.02242
1.12211
1.08699
1.15678
1.12549
1.0958
1.06761
1.04085
1.01543
0.991264
0.96827
0.946373
0.925501
0.905587
0.88657
0.868393
0.851001
0.834347
0.818384
0.902249
1.05712
1.03841
1.0204
1.11355
1.18463
1.24148
1.28802
1.3266
1.35882
1.38585
1.40854
1.42758
1.44351
1.45677
1.46771
1.47663
1.4838
1.48943
1.49369
1.49675
1.49876
1.49982
1.50004
1.49952
1.49833
1.49655
1.49424
1.49146
1.53327
1.52982
1.526
1.52185
1.51741
1.51271
1.50777
1.50263
1.49731
1.49182
1.48619
1.48043
1.47456
1.4686
1.46255
1.45643
1.45025
1.44402
1.43775
1.43144
1.46441
1.49344
1.51921
1.54223
1.56289
1.58149
1.59826
1.61342
1.62712
1.63952
1.65073
1.66086
1.67001
1.67826
1.68568
1.69234
1.69829
1.70359
1.70829
1.71243
1.71606
1.71919
1.72188
1.72415
1.72603
1.72754
1.72871
1.72956
1.7301
1.73037
1.73037
1.73013
1.72965
1.72896
1.72806
1.72697
1.7257
1.72426
1.72265
1.7209
1.71901
1.71698
1.71483
1.71257
1.71019
1.7077
1.70512
1.70245
1.69969
1.69685
1.69394
1.69095
1.6879
1.68478
1.68161
1.67838
1.67509
1.67176
1.66839
1.66497
1.66151
1.65802
1.65449
1.65093
1.64735
1.64373
1.64009
1.63643
1.63274
1.62904
1.62532
1.62158
1.61783
1.61407
1.61029
1.6065
