-0
1
0.918296
0.811278
0.721928
0.650022
0.591673
0.543564
0.986427
0.921928
1.0958
1.18872
1.2389
1.26381
1.23096
1.19819
1.16609
1.13497
1.10501
1.0763
1.04884
1.02263
0.997627
0.973784
0.951046
0.999655
1.03777
1.06769
1.09109
1.10923
1.12309
1.13343
1.14087
1.14589
1.14888
1.15019
1.15006
1.14874
1.1464
1.1432
1.13928
1.13474
1.12969
1.26051
1.3418
1.40384
1.45347
1.49408
1.52772
1.51867
1.50935
1.49983
1.52842
1.55263
1.57315
1.59055
1.60524
1.61761
1.62794
1.63647
1.64344
1.649
1.65333
1.65655
1.65879
1.66014
1.66071
1.66056
1.65977
1.65841
1.65653
1.65418
1.65141
1.64826
1.64477
1.64097
1.63689
1.63256
1.628
1.62323
1.61828
1.61317
1.60791
1.60252
1.59701
1.59139
1.58568
1.57989
1.57403
1.56811
1.56213
1.55611
1.55004
1.54395
1.53783
1.53168
1.52552
1.51935
1.51318
1.507
1.57221
1.61668
1.65309
1.68423
1.71143
1.73551
1.757
1.77631
1.79373
1.80949
1.82379
1.83677
1.84857
1.90489
1.94295
1.97396
2.00035
2.02331
2.04354
2.06153
2.07761
2.09204
2.10503
2.11673
2.12729
2.13682
2.14542
2.15316
2.16013
2.16638
2.17197
2.1804
2.18536
2.18976
2.19365
2.19705
2.20462
2.21147
2.21764
2.22061
2.22315
2.22532
2.22711
2.22857
2.22971
2.23055
2.2311
2.23139
2.23143
2.23123
2.23081
2.23018
2.22935
2.22833
2.22713
2.22576
2.22424
2.22256
2.22074
2.21879
2.21671
2.2145
2.21218
2.20976
2.20722
2.24702
2.24422
2.24133
2.23836
2.2353
2.23216
2.22896
2.22568
2.22234
2.21894
2.21548
2.21196
2.20839
2.20478
2.20111
2.19741
2.19366
2.18987
2.18605
2.18219
2.1783
2.17438
2.17043
2.16645
2.19194
2.18786
2.18376
2.17965
2.17551
2.17135
2.16718
2.16299
2.15879
2.15458
2.15035
2.14612
2.14187
2.13761
2.13335
2.12908
2.12481
2.12053
2.11624
2.1367
2.13237
2.12803
2.1237
2.11936
2.11502
2.122
2.12858
2.13477
2.14061
2.13998
2.13927
2.13848
2.13761
2.13667
2.13566
2.13457
2.13342
2.13221
2.13093
2.13651
2.14179
2.14678
2.1515
2.15595
2.16015
2.16412
2.16786
2.17138
2.16784
2.17119
2.17434
2.17319
2.17199
2.17073
2.16942
2.16806
2.16665
2.16519
2.16368
2.16213
2.16053
2.1589
2.15722
2.16038
2.15868
2.15694
2.15517
-0
-0
-0
0.811278
0.970951
1
0.985228
0.954434
0.991076
1
0.99403
0.979869
0.995727
1
0.996792
0.988699
0.977418
0.964079
0.981941
0.992774
0.998364
1
0.998636
0.994985
0.998846
1
0.99901
0.996317
0.992267
0.987138
0.981152
0.988699
0.99403
0.997503
0.994694
0.991076
0.986787
0.981941
0.976635
0.970951
0.964957
0.958712
0.952266
0.94566
0.938932
0.932112
0.925225
0.918296
0.911342
0.904381
0.897427
0.890492
0.9052
0.898653
0.892121
0.885613
0.899744
0.912441
0.923842
0.934068
0.943226
0.951412
0.958712
0.965202
0.970951
1.06951
1.07336
1.13875
1.1916
1.19369
1.19528
1.19642
1.19714
1.19749
1.19748
1.19715
1.23946
1.27625
1.30866
1.33748
1.36325
1.36175
1.36
1.35803
1.35584
1.35346
1.3509
1.34818
1.34531
1.3681
1.38881
1.40767
1.42488
1.44061
1.455
1.46818
1.48024
1.49129
1.50141
1.56719
1.61201
1.64868
1.65666
1.68776
1.71493
1.73897
1.76044
1.77971
1.7971
1.81283
1.8271
1.84005
1.85182
1.86253
1.91835
1.92762
1.93602
1.94361
1.95047
1.98708
2.01694
2.0424
2.04797
2.05293
2.05733
2.0612
2.06459
2.06752
2.07003
2.07214
2.07388
2.07527
2.07633
2.07709
2.07757
2.07777
2.07771
2.07742
2.0769
2.07617
2.07524
2.07411
2.07281
2.07134
2.06971
2.08991
2.08807
2.08609
2.08398
2.08174
2.07938
2.07691
2.07434
2.07166
2.06889
2.06603
2.08365
2.08067
2.09657
2.11104
2.12427
2.13639
2.14753
2.15779
2.16725
2.17598
2.18403
2.19148
2.19834
2.20468
2.21053
2.21592
2.22087
2.22542
2.22959
2.23341
2.23688
2.24004
2.2429
2.24548
2.24779
2.24984
2.25165
2.25323
2.28954
2.31474
2.33568
2.33671
2.3548
2.37082
2.37154
2.37207
2.38636
2.38667
2.38681
2.38679
2.38661
2.38628
2.39909
2.41076
2.42146
2.43129
2.44035
2.44871
2.45643
2.46358
2.47019
2.46965
2.46898
2.46818
2.47432
2.48001
2.48528
2.48439
2.48339
2.48228
2.48106
2.47975
2.47834
2.47685
2.47526
2.48025
2.48487
2.48917
2.49315
2.49683
2.50023
2.50337
2.50625
2.50889
2.51131
2.51351
2.51551
2.51731
2.51892
2.52035
2.52162
2.52272
2.52366
2.55209
2.57201
2.58867
2.6032
2.60375
