-0
1
0.918296
0.811278
0.721928
0.650022
0.591673
0.543564
0.503258
0.468996
0.439497
0.413817
0.773228
0.946373
1.05298
1.12164
1.16609
1.19417
1.21081
1.21924
1.22169
1.21975
1.21454
1.20691
1.19748
1.18672
1.17499
1.35532
1.33889
1.3222
1.42063
1.49077
1.54316
1.58304
1.61356
1.63681
1.6543
1.66714
1.67617
1.68207
1.68535
1.68645
1.68572
1.68343
1.67984
1.67514
1.6695
1.66306
1.65595
1.64827
1.64011
1.74567
1.81003
1.85854
1.89685
1.92775
1.95293
1.97351
1.9903
2.00393
2.01488
2.02352
2.03017
2.0351
2.03851
2.03098
2.03346
2.03478
2.03505
2.03441
2.03294
2.03074
2.10734
2.15511
2.19181
2.22133
2.24561
2.26578
2.33504
2.37779
2.4104
2.43644
2.45768
2.47517
2.53832
2.57695
2.60621
2.62942
2.6482
2.66352
2.67601
2.68616
2.69432
2.70076
2.7057
2.70934
2.76424
2.79777
2.82314
2.84325
2.84488
2.86109
2.8743
2.88508
2.93522
2.96568
2.98864
3.00676
3.02133
3.03311
3.04262
3.05023
3.05622
3.06081
3.06417
3.06645
3.06777
3.06823
3.06792
3.06691
3.06527
3.06306
3.06033
3.05713
3.05349
3.04946
3.04506
3.04034
3.0353
3.02999
3.02442
3.01861
3.01258
3.00635
2.99994
2.99336
2.98662
2.97974
2.97273
2.9656
2.95836
2.95102
2.94359
2.93607
2.97525
3.00027
3.01988
3.03597
3.02818
3.02032
3.03387
3.04539
3.05525
3.0637
3.07093
3.0771
3.08233
3.08673
3.09036
3.1258
3.14843
3.16617
3.18075
3.19298
3.20335
3.21219
3.21975
3.22619
3.23165
3.26468
3.28569
3.30211
3.31555
3.3268
3.3363
3.34437
3.37579
3.39567
3.40225
3.41766
3.43023
3.44071
3.44953
3.45698
3.46327
3.46857
3.47299
3.50236
3.52087
3.53525
3.54696
3.55669
3.56484
3.59306
3.61077
3.62448
3.63561
3.64482
3.65251
3.65895
3.66434
3.66881
3.67249
3.67545
3.702
3.71862
3.73147
3.74187
3.75046
3.75761
3.76359
3.76857
3.77268
3.77604
3.77872
3.7808
3.78234
3.78339
3.78398
3.78416
3.78397
3.78342
3.78254
3.78137
3.77991
3.77819
3.77622
3.77402
3.77161
3.76899
3.76619
3.79003
3.80511
3.81686
3.82645
3.83445
3.84117
3.84685
3.85164
3.85566
3.85901
3.86176
3.86397
3.86569
3.86697
3.86785
3.86835
3.89063
3.90472
3.9157
3.92467
3.93214
3.93843
3.94374
3.94822
3.95198
-0
-0
-0
-0
-0
-0
-0
-0
-0
-0
-0
-0
-0
-0
-0
-0
-0
-0
-0
-0
-0
-0
-0
-0
-0
-0
-0
-0
-0
-0
-0
-0
-0
-0
-0
-0
-0
-0
0.172037
0.286397
0.377646
0.453716
0.51857
0.574636
0.62357
0.761111
0.850914
0.921887
0.980572
1.03021
1.07277
1.10959
1.14164
1.16966
1.19423
1.21581
1.24561
1.2717
1.2946
1.31474
1.33247
1.34806
1.36176
1.37378
1.38429
1.39346
1.40141
1.40826
1.41413
1.41909
1.41139
1.41587
1.4196
1.42265
1.42507
1.42693
1.42826
1.42912
1.42953
1.42954
1.42918
1.42847
1.42746
1.42615
1.42458
1.42276
1.42071
1.41846
1.4356
1.45121
1.46543
1.4784
1.49021
1.50098
1.5108
1.51973
1.52785
1.53521
1.54189
1.54017
1.53826
1.53617
1.53392
1.53152
1.52898
1.5263
1.5235
1.52277
1.52185
1.52074
1.51945
1.51801
1.51642
1.51469
1.51282
1.51083
1.50872
1.50651
1.50419
1.50177
1.55842
1.59783
1.63057
1.65892
1.65562
1.68061
1.70301
1.69949
1.69591
1.69227
1.68857
1.68482
1.68102
1.67717
1.67329
1.66937
1.66541
1.66141
1.65739
1.65335
1.64927
1.64518
1.64106
1.63693
1.63692
1.63677
1.63649
1.63608
1.63554
1.63187
1.6313
1.63063
1.62712
1.62358
1.62002
1.61644
1.61284
1.60923
1.6056
1.62443
1.64179
1.63808
1.63436
1.65041
1.66535
1.67928
1.69232
1.70454
1.716
1.72677
1.73691
1.74645
1.75544
1.79639
1.8255
1.85003
1.87156
1.89085
1.90834
1.92434
1.93907
1.95269
1.96532
1.97707
1.98803
1.99827
2.00784
2.0168
2.0252
2.03308
2.04047
2.04741
2.05391
2.06002
2.06575
2.07113
2.07617
2.08089
2.08531
2.08945
2.09331
2.09692
2.10028
2.1034
2.13763
2.16184
2.18221
2.20005
2.21602
2.23048
2.2437
2.25584
2.26706
2.27745
2.2871
2.29609
2.30447
2.3123
2.31961
2.32645
2.33285
2.33884
2.34444
2.34968
2.35459
2.38514
2.40664
2.42467
2.44043
2.47019
2.49106
2.50852
2.52376
2.55276
2.57303
2.58996
2.6047
2.61781
2.64594
2.66552
2.68184
2.70943
2.72858
2.74251
2.75485
2.76594
2.77598
2.78513
2.7935
2.80893
2.82231
2.83415
2.8602
2.87818
2.89309
2.90599
-0
-0
-0
-0
0.721928
0.918296
0.985228
1
0.991076
1.36096
1.49492
1.55459
1.82625
1.92417
1.93291
1.92379
1.90397
1.87764
1.84742
1.81498
1.78142
1.74746
1.7136
1.68016
1.64735
1.71323
1.75812
1.7887
1.80893
1.82142
1.96826
2.04487
2.09533
2.1297
2.15289
2.16787
2.1766
2.18045
2.18044
2.17734
2.17175
2.16414
2.15487
2.14427
2.13258
2.11999
2.22344
2.28154
2.37871
2.43257
2.47009
2.49728
2.5852
2.63333
2.66647
2.69014
2.77036
2.81377
2.84334
2.86416
2.87871
2.88849
2.89449
2.96538
3.00367
3.02969
3.04795
3.1137
3.14888
3.17256
3.18896
3.25026
3.28276
3.30445
3.36255
3.39305
3.41321
3.42681
3.48137
3.5098
3.52843
3.58041
3.60726
3.6247
3.63615
3.6433
3.69197
3.71699
3.7641
3.78813
3.80351
3.8134
3.85814
3.88081
3.89523
3.90439
3.90976
3.91221
3.95416
3.97541
3.98891
3.99748
4.03752
4.0577
4.09668
4.11618
4.15413
4.17299
4.1847
4.19186
4.19573
4.19705
4.19632
4.1939
4.19006
4.18502
4.17892
4.17193
4.20688
4.22469
4.23606
4.24332
4.2476
4.24957
4.24966
4.2482
4.28109
4.29794
4.30875
4.31572
4.34744
4.3636
4.37394
4.40475
4.42038
4.4303
4.43658
4.4402
4.46981
4.48479
4.49428
4.50025
4.50366
4.50507
4.50487
4.50333
4.53145
4.54574
4.55485
4.56063
4.56398
4.56544
4.56536
4.59224
4.60593
4.61466
4.62022
4.64631
4.67213
4.69768
4.71054
4.71864
4.7237
4.72652
4.75123
4.76365
4.77146
4.77631
4.77899
4.77998
4.80382
4.8158
4.82333
4.84665
4.85833
4.86563
4.87012
4.87256
4.8734
4.89594
4.90722
4.92942
4.94048
4.94737
4.96911
4.97992
4.9866
4.99066
4.99278
4.99339
4.99277
4.99111
4.98858
4.98528
4.98131
4.97676
4.97167
4.96611
4.96013
4.95376
4.94704
4.94
4.93268
4.92508
4.94554
4.95612
4.96299
4.96747
4.97019
4.97154
4.99139
5.00166
5.00831
5.01265
5.01528
5.03462
5.04461
5.05106
5.05526
5.05778
5.059
5.05915
5.0584
5.05688
5.05469
5.07329
5.08295
5.08924
5.09337
5.0959
5.09718
5.09743
5.11548
5.13341
5.1427
5.14873
5.15268
5.17025
5.17933
5.19669
5.20564
5.21141
5.21515
5.23218
5.24093
5.24657
5.2502
5.26691
5.27547
5.28097
5.2845
5.3009
5.30929
5.31466
5.31809
5.33419
-0
-0
-0
0.811278
0.721928
0.918296
0.985228
1
0.991076
0.970951
0.94566
0.918296
0.890492
0.863121
1.15894
1.29879
1.3831
1.43552
1.46746
1.68048
1.78142
1.84199
2.01992
