-0
-0
-0
-0
-0
-0
-0
-0
-0
-0
-0
-0
-0
-0
-0
-0
-0
-0
0.297472
0.468996
0.591673
0.684038
0.755375
0.811278
0.855451
0.890492
0.918296
0.940286
0.957553
0.970951
0.981152
0.988699
0.99403
0.997503
0.999411
1
0.999473
0.998001
0.995727
0.992774
0.989245
0.985228
0.980798
0.976021
0.970951
0.965636
0.960119
0.954434
0.948613
0.942683
0.936667
0.930586
0.924457
0.918296
0.912116
1.02506
1.01745
1.00989
1.00238
1.07463
1.13253
1.18104
1.22259
1.25866
1.29026
1.31809
1.34273
1.36459
1.38404
1.40135
1.41677
1.4305
1.44271
1.45356
1.46318
1.47169
1.47917
1.48573
1.49145
1.49639
1.50062
1.5042
1.50718
1.50961
1.51154
1.51299
1.51401
1.51463
1.51488
1.51479
1.51438
1.51368
1.5127
1.5816
1.57982
1.57782
1.57561
1.57322
1.57064
1.5679
1.56501
1.60955
1.64603
1.67724
1.70451
1.72865
1.75021
1.76958
1.76575
1.76181
1.77928
1.79512
1.80952
1.82262
1.83456
1.83061
1.82656
1.83754
1.83344
1.82925
1.82498
1.82064
1.81623
1.82651
1.83595
1.84461
1.85256
1.85984
1.86651
1.87261
1.87818
1.88325
1.88785
1.89202
1.89577
1.89914
1.90215
1.90482
1.90717
1.90921
1.91097
1.91246
1.9137
1.91469
1.91545
1.91599
1.91633
1.91648
1.91644
1.91622
1.91584
1.9153
1.91461
1.91378
1.91281
1.91172
1.9105
1.90916
1.95219
1.98224
2.00728
2.02905
2.04836
2.06572
2.08146
2.09582
2.10898
2.12107
2.13222
2.14251
2.15203
2.16084
2.169
2.17656
2.18357
2.19006
2.19608
2.20164
2.20678
2.21153
2.21591
2.21994
2.22364
2.22703
2.23013
2.23294
2.2355
2.2378
2.23986
2.2417
2.24332
2.24473
2.24595
2.24699
2.24784
2.24853
2.24905
2.24942
2.24964
2.24972
2.24966
2.24947
2.24916
2.24873
2.24818
2.24753
2.24677
2.24591
2.24495
2.2439
2.24276
2.24153
2.24023
2.23884
2.23738
2.23585
2.23424
2.23257
2.23084
2.22904
2.22718
2.22527
2.2233
2.22128
2.21921
2.21709
2.21493
2.21271
2.21269
2.21256
2.21235
2.21204
2.21164
2.21116
2.2106
2.20996
2.20924
2.20845
2.20759
2.20574
2.20485
2.2039
2.20288
2.2018
2.20066
2.19895
2.19719
2.19606
2.19488
2.19365
2.19236
2.19102
2.18964
2.18821
2.18673
2.18521
-0
-0
-0
-0
-0
-0
-0
-0
-0
-0
-0
-0
-0
-0
-0
-0
-0
-0
-0
-0
-0
-0
-0
-0
-0
-0
-0
-0
-0
0.210842
0.345117
0.448864
0.532835
0.522559
0.591673
0.650022
0.639457
0.629249
0.619382
0.60984
0.659376
0.702467
0.740147
0.773227
0.802353
0.828056
0.850771
0.870864
0.888647
0.904381
0.918296
0.930586
0.941423
0.950956
0.959316
0.966619
0.972966
0.978449
0.983149
0.987138
0.99048
0.993234
0.995452
0.99718
0.998463
0.999338
1.09633
1.16138
1.21391
1.25823
1.29646
1.32988
1.35934
1.38548
1.40878
1.4296
1.44825
1.46498
1.47999
1.49347
1.50556
1.51641
1.52612
1.53479
1.54252
1.54938
1.55544
1.56078
1.56545
1.56949
1.57296
1.5759
1.64469
1.69092
1.72838
1.76012
1.76119
1.78853
1.81253
1.83378
1.85271
1.86963
1.8848
1.89843
1.91067
1.92168
1.93157
1.94045
1.94841
1.95552
1.96185
1.96748
1.97244
1.9768
1.98059
1.98386
1.98665
1.98898
1.99089
1.99241
1.99356
1.99437
1.99485
1.99504
1.99651
1.99763
1.9977
1.99859
1.99918
1.99949
1.99954
1.99934
1.9989
1.99825
1.99738
1.99632
1.99686
1.99716
1.99722
1.99705
1.99668
1.99611
1.99536
1.99442
1.99333
1.99207
1.9933
1.99428
1.99503
1.99555
1.99442
1.99314
1.99173
1.99019
1.98852
1.98675
1.98486
1.98516
1.98528
1.98523
1.98502
1.98466
1.98415
1.9835
1.98271
1.9818
1.98077
1.97962
1.97837
1.97701
1.97554
1.97399
1.97234
1.97061
1.96879
1.96689
1.96492
1.96288
1.96077
1.95859
1.95635
1.9559
1.95535
1.95468
1.95256
1.95037
1.94814
1.94584
1.9435
1.94111
1.93867
1.93619
1.93367
1.93111
1.9285
1.96486
1.99073
1.98787
1.98499
1.98207
1.97913
1.97616
1.97316
1.97013
1.96708
1.96401
1.96092
1.9578
1.95467
1.97583
1.9945
1.99126
1.988
1.98472
1.98143
1.97813
