-0
-0
-0
-0
-0
-0
-0
-0
-0
-0
-0
-0
-0
-0
-0
-0
-0
-0
-0
-0
0.276195
0.439497
0.558629
0.650022
0.721928
0.77935
0.825627
0.863121
0.893571
0.918296
0.938315
0.954434
0.967295
0.977418
0.985228
0.991076
0.995253
0.998001
0.999526
1
0.999571
0.998364
1.1345
1.21975
1.28517
1.33778
1.38106
1.41713
1.44741
1.47294
1.49448
1.51264
1.52792
1.54071
1.55133
1.56005
1.56711
1.5727
1.577
1.58015
1.58227
1.58348
1.58387
1.58354
1.58255
1.67185
1.72896
1.7736
1.81015
1.80664
1.80267
1.83309
1.85897
1.88116
1.90025
1.91672
1.93092
1.92673
1.93908
1.94972
1.94544
1.9547
1.96262
1.96932
1.97494
1.97958
1.98333
1.98627
1.98847
1.99
1.99092
1.99128
1.99113
1.9905
1.98944
1.98798
1.98616
1.984
1.98153
1.97878
1.97576
1.97249
1.96901
1.96532
1.96143
1.95738
1.95316
1.94879
1.94428
1.93965
1.93491
1.99124
1.98604
1.98076
1.97539
1.96995
1.96444
2.00134
1.99561
2.02555
2.05104
2.07323
2.09279
2.11018
2.12573
2.1397
2.15226
2.16359
2.17382
2.18305
2.19137
2.19887
2.24619
2.25261
2.25835
2.28972
2.29464
2.31998
2.32418
2.34559
2.36419
2.36767
2.38397
2.38691
2.3894
2.40376
2.41659
2.42808
2.43841
2.4477
2.45607
2.46359
2.47035
2.47642
2.48184
2.48668
2.49098
2.49477
2.49809
2.50098
2.50346
2.50556
2.5073
2.50871
2.50981
2.51061
2.51113
2.51139
2.51141
2.51119
2.51075
2.51011
2.50927
2.50824
2.50703
2.50566
2.50413
2.50245
2.50063
2.49867
2.49658
2.49437
2.49205
2.48961
2.52464
2.54858
2.56827
2.58519
2.60004
2.61324
2.62508
2.63576
2.64543
2.65421
2.6622
2.66947
2.6761
2.68213
2.68763
2.69262
2.69715
2.70125
2.70495
2.70828
2.71126
2.71391
2.71625
2.71829
2.72007
2.72159
2.72286
2.7239
2.72472
2.72533
2.72574
2.72597
2.72601
2.72589
2.7256
2.72516
2.72457
2.75389
2.77401
2.79061
2.80491
2.8175
2.82872
2.83882
2.84795
2.85625
2.8638
2.87069
2.87699
2.88275
2.88801
2.89281
2.8972
2.90119
2.90482
2.90811
2.91108
2.91376
2.91615
2.91828
2.92016
2.92181
2.92323
2.92444
2.95045
2.96827
2.98296
2.9838
2.99642
3.00753
3.01744
3.02635
