-0
1
0.918296
0.811278
1.37095
1.45915
1.44882
1.40564
1.35164
1.29546
1.24067
1.18872
1.14012
1.09491
1.05298
1.0141
0.978016
0.944489
0.913283
0.884184
0.856996
0.831544
1.05341
1.17607
1.26112
1.323
1.36884
1.40295
1.42815
1.44644
1.45927
1.46772
1.47266
1.47472
1.47445
1.47224
1.46846
1.46336
1.45719
1.45012
1.44233
1.43393
1.42505
1.41577
1.40618
1.39633
1.38629
1.50351
1.57573
1.63056
1.67419
1.70968
1.73887
1.76301
1.783
1.79951
1.81308
1.82412
1.83299
1.83996
1.84528
1.84914
1.85173
1.85317
1.85362
1.85317
1.85193
1.84998
1.8474
1.84426
1.84061
1.8365
1.832
1.82713
1.82194
1.81646
1.89287
1.94192
1.98041
2.01204
2.0386
2.0612
2.08055
2.09718
2.1115
2.12382
2.13438
2.1434
2.15105
2.15747
2.1628
2.16713
2.17058
2.17321
2.1751
2.17632
2.17692
2.23685
2.27552
2.30601
2.33118
2.35243
2.37058
2.38619
2.39967
2.41132
2.42138
2.43004
2.43745
2.44376
2.44907
2.45349
2.45708
2.45993
2.46211
2.46366
2.46465
2.46511
2.46509
2.46462
2.46375
2.46249
2.51059
2.5087
2.53985
2.56461
2.58521
2.60273
2.61781
2.63088
2.64227
2.65219
2.66084
2.66836
2.67488
2.6805
2.6853
2.68936
2.73157
2.75896
2.78069
2.79873
2.81404
2.82718
2.83856
2.84842
2.85699
2.86443
2.87086
2.87639
2.88112
2.88511
2.88845
2.89117
2.89334
2.895
2.89618
2.89692
2.89726
2.89723
2.89684
2.89612
2.8951
2.89379
2.92962
2.95301
2.97166
2.98722
3.00049
3.01194
3.0219
3.03059
3.03818
3.04481
3.05058
3.05559
3.05991
3.0636
3.06672
3.06932
3.10174
3.12287
3.13968
3.15369
3.16562
3.1759
3.18482
3.19259
3.19936
3.20525
3.21036
3.21478
3.21856
3.22177
3.22446
3.22667
3.22843
3.22979
3.23076
3.23138
3.23167
3.23166
3.23135
3.23078
3.22995
3.22889
3.2276
3.2261
3.2244
3.25264
3.27116
3.28597
3.29838
3.309
3.3182
3.32623
3.33327
3.33944
3.34485
3.34958
3.35371
3.35728
3.36036
3.36298
3.36517
3.36697
3.36841
3.36952
3.37031
3.37081
3.37103
3.371
3.37072
3.3961
3.41279
3.42615
3.43736
3.44698
3.45532
3.46261
3.469
3.47462
3.47956
3.48389
3.48767
3.49096
3.49379
3.49621
3.49825
3.49993
3.50128
3.50233
3.50309
3.50358
3.50383
3.50383
