-0
1
0.918296
0.811278
0.721928
0.650022
0.591673
0.543564
0.986427
1.15678
1.24067
1.28067
1.29574
1.29584
1.28669
1.27178
1.2533
1.23266
1.21081
1.18838
1.16578
1.14332
1.12118
1.09948
1.07832
1.05774
1.03777
1.01842
0.9997
0.981591
1.15552
1.13458
1.2355
1.30957
1.36661
1.34519
1.39053
1.42687
1.45612
1.47966
1.49853
1.51351
1.52523
1.5342
1.54082
1.54544
1.54833
1.54974
1.66184
1.73004
1.72777
1.72449
1.72035
1.71546
1.70992
1.75942
1.79904
1.83145
1.85825
1.88055
1.89911
1.91454
1.9273
1.93777
1.94623
1.95296
1.95815
1.96198
1.96462
1.9662
1.96682
1.96659
1.96561
1.96394
1.96166
2.03692
2.03339
2.0294
2.02497
2.07161
2.06651
2.06107
2.09713
2.12671
2.1515
2.14551
2.13926
2.16034
2.17841
2.19396
2.20735
2.21889
2.22879
2.23725
2.24442
2.25045
2.25544
2.2595
2.26271
2.32088
2.32287
2.32418
2.36105
2.39009
2.3904
2.39014
2.38938
2.38815
2.41174
2.4317
2.44881
2.46357
2.47635
2.48743
2.49704
2.50534
2.51248
2.56169
2.59337
2.61833
2.63893
2.6563
2.67112
2.68384
2.69481
2.70425
2.71237
2.71933
2.72524
2.73023
2.73438
2.73776
2.74045
2.74251
2.74399
2.74494
2.7454
2.7454
2.74499
2.74418
2.74302
2.74152
2.73971
2.7376
2.73523
2.73261
2.72975
2.72667
2.72338
2.7199
2.71625
2.71242
2.70844
2.70431
2.70004
2.69564
2.69112
2.68649
2.68175
2.67692
2.67199
2.66698
2.66188
2.69928
2.72416
2.74425
2.76121
2.77586
2.78866
2.79994
2.80992
2.81879
2.82668
2.83369
2.83992
2.84544
2.85032
2.85461
2.85836
2.86161
2.86441
2.86677
2.86873
2.87033
2.87158
2.8725
2.87312
2.87346
2.87353
2.87334
2.9055
2.90495
2.90418
2.92549
2.94275
2.95738
2.97004
2.98114
2.99095
2.99967
3.00744
3.01437
3.02055
3.02607
3.05579
3.07554
3.0915
3.10497
3.11661
3.12678
3.13575
3.14021
3.14414
3.15203
3.15903
3.16526
3.17079
3.17571
3.18006
3.18389
3.18725
3.19018
3.19271
3.19486
3.22179
3.23965
3.25406
3.25567
3.2678
3.27827
3.28742
3.29547
3.30259
3.30891
3.31452
3.31949
3.32389
3.32777
3.33118
3.33416
3.33674
3.33895
3.34082
3.34237
3.34362
3.34459
3.3453
3.34576
3.37007
3.38621
3.39924
3.41024
3.41974
3.42804
3.43536
3.44182
